618.4316 1968.5504 579.7603 51 28 459 203 1
860.4798 1923.8804 424.2123 23 73 222 685 1
595.4873 2037.5859 546.2968 18 16 125 135 1
561.4667 2018.2966 528.0342 14 130 181 1268 1
670.6448 1997.9921 232.0631 51 656 497 8532 1
662.4242 2006.1139 398.5165 27 488 360 5271 1
724.4543 2038.6012 265.1543 6 323 44 3283 1
777.1839 2038.2205 331.4002 15 9 127 69 1
650.6247 2014.8702 416.2703 21 459 280 4987 1
732.4247 1997.1037 545.3581 40 16 361 131 1
848.9997 1980.8601 410.8725 17 214 159 2142 1
849.1761 2009.2865 495.0019 10 150 92 1430 1
659.9380 1946.3423 486.1369 30 268 254 2904 1
702.1682 2023.4997 235.6811 16 8 165 75 1
583.2283 1965.6317 299.9590 58 521 588 5620 1
682.9849 1922.9921 527.3623 54 463 418 4846 1
706.0822 1927.3068 315.7677 53 104 432 986 1
580.1256 2000.4032 562.1935 18 214 174 2146 1
601.7989 1974.0073 404.9412 52 391 511 4049 1
616.9205 1957.7637 414.4830 150 312 1757 2767 1
762.7562 2043.0428 412.6056 17 15 141 109 1
564.9819 1983.1443 353.5718 127 309 1370 2716 1
821.0234 1998.8804 289.9281 7 23 67 209 1
616.4263 1986.6976 564.1292 24 238 265 2478 1
801.9096 2046.5961 558.2542 17 17 130 131 1
881.7770 1991.6152 402.6118 24 8 187 65 1
832.2840 1947.9604 492.9287 18 54 198 496 1
566.0125 1952.0213 243.7487 36 69 363 654 1
612.4510 2006.8436 331.7786 23 528 228 5563 1
819.2374 1958.1126 490.1876 134 273 1550 2436 1
661.7715 2013.4426 562.4821 26 239 251 2357 1
795.7743 2025.6253 284.1841 12 10 76 95 1
840.3429 1966.7421 320.6581 22 54 271 492 1
652.6836 2038.8232 294.7762 12 310 109 3209 1
711.9796 1925.1177 248.9088 27 383 225 4122 1
618.6523 1979.9400 274.2419 15 182 168 1802 1
527.2600 2016.4882 450.9062 34 20 296 165 1
663.3327 1992.3766 405.1175 25 186 280 1903 1
682.4617 1986.2852 370.8805 30 254 277 2783 1
804.7895 1950.7522 393.0748 35 85 283 840 1
873.5756 2040.0923 508.8132 1 120 3 1179 1
557.8871 1989.3309 486.1329 20 100 188 918 1
658.9824 2023.3410 384.6865 12 88 124 912 1
652.1555 2043.6456 546.1104 35 18 278 137 1
545.0477 2011.1583 505.3746 24 102 208 868 1
632.2821 1944.1533 241.1767 46 456 482 5001 1
872.9606 1931.9705 384.6177 34 160 254 1780 1
548.2332 1985.7776 374.7796 48 355 494 3683 1
660.9710 2032.4781 220.9561 20 10 155 82 1
733.8632 1987.8081 371.6057 19 231 140 2313 1
672.3776 1963.4426 232.1998 23 137 207 1420 1
603.7521 1950.8791 476.6907 132 1320 1271 18447 1
710.6208 1955.9553 535.4124 34 333 322 3531 1
642.8458 1978.2903 548.4823 21 642 213 6920 1
783.6201 2039.2040 262.7394 5 273 61 2804 1
549.7560 2022.9603 265.2610 6 30 64 282 1
717.2019 2025.4984 241.9500 26 8 218 72 1
826.1285 1952.4020 538.8174 78 579 804 8380 1
847.9656 1954.4324 490.9234 125 155 1292 1358 1
