332.1998 1926.9556 1135.7140 51 338 464 3866 1
353.6951 1931.0165 1145.0079 30 183 264 1553 1
466.1963 1922.8947 893.4037 61 143 452 1330 1
179.3629 1971.6256 1097.6537 17 89 160 964 1
442.1781 2035.0774 1190.8457 7 7 70 57 1
474.1981 2010.7119 887.3108 15 78 159 667 1
412.5441 2037.1078 1173.0050 18 12 106 87 1
545.1406 2012.7424 1052.1994 6 18 66 157 1
362.6850 2045.2296 1106.5487 15 7 84 53 1
474.2229 1983.3007 845.9309 37 78 328 709 1
500.8925 1934.1891 1012.8924 22 695 176 7875 1
365.2720 2025.5596 1136.8404 9 35 87 287 1
481.6299 2009.3160 940.5606 17 75 115 649 1
247.6063 2008.3007 1012.0041 20 78 192 622 1
462.4230 2046.3718 1059.7598 22 21 157 155 1
414.1479 1986.4733 906.8704 55 16 388 109 1
575.3431 1974.2906 1003.3793 33 299 340 3108 1
446.2816 2037.4885 899.2848 16 46 146 399 1
266.0108 1951.1942 930.9983 43 365 434 3706 1
314.3144 1979.6205 955.0240 72 1000 836 13155 1
576.5147 2018.1992 996.2671 26 19 183 155 1
342.0847 1928.8592 957.8628 39 674 323 7563 1
295.4191 1974.0368 918.3138 21 195 180 2005 1
513.1610 1927.3363 1043.3844 25 284 236 2894 1
241.1453 1923.2754 1014.5753 47 393 398 4237 1
346.8184 2033.9352 1169.8606 14 13 116 108 1
400.4444 1924.2906 1079.8599 24 614 221 7134 1
339.6393 2035.9657 878.0469 13 394 145 4004 1
323.7347 2027.8439 840.1709 16 56 120 474 1
218.8833 1970.7690 1127.6164 19 152 159 1528 1
190.1576 1940.3122 1104.6564 47 370 395 3793 1
432.7156 1992.0888 1124.1246 49 704 472 9141 1
235.3968 1961.6320 963.9065 125 357 1389 3454 1
187.0828 2022.5456 1016.6009 29 22 192 168 1
263.0028 2022.0380 970.3777 8 25 95 252 1
441.7731 1953.0025 1073.0070 33 135 308 1273 1
222.6901 2026.0989 1174.3130 7 182 82 1885 1
409.1196 1962.1396 1105.4955 19 129 189 1366 1
407.5839 1956.3020 863.9908 49 101 459 954 1
312.9990 1940.0584 997.1643 186 302 1968 2740 1
269.5770 1943.1041 989.5564 40 124 362 1115 1
482.4700 2032.4441 1127.8104 5 5 40 39 1
291.4445 1969.5000 873.2950 41 101 332 903 1
484.0856 2038.5355 1001.8879 9 57 96 528 1
508.8998 2006.0482 941.4275 14 41 147 331 1
179.7649 1932.9518 1097.3718 45 521 377 5919 1
299.4092 2026.8604 1130.6794 8 204 68 2222 1
516.1097 1945.6421 946.5894 36 73 304 640 1
136.2397 2002.4949 1011.8637 26 28 219 222 1
503.0388 1989.2969 1120.7720 18 21 185 187 1
308.4480 1926.3528 1192.6767 19 56 124 530 1
387.7464 2027.8756 905.3523 25 20 177 169 1
223.7529 2019.3731 878.1264 14 123 149 1205 1
359.8124 1995.0076 1111.0879 21 153 177 1551 1
443.1104 2031.5558 1034.7727 7 316 78 3256 1
321.9162 1984.8553 848.6684 26 605 252 6586 1
497.3573 2044.7538 1109.4940 12 6 101 49 1
454.0927 1989.9315 932.8755 10 99 98 1003 1
219.2549 2010.7436 1100.8406 16 72 140 572 1
