245.8611 1961.4421 571.3463 15 140 169 1649
503.5143 2028.3510 430.2672 22 275 295 3762
454.9930 2033.9268 431.3825 29 225 279 3168
418.1962 2008.3713 541.9966 34 262 321 3229
221.1515 2034.3914 630.6642 18 178 141 2223
319.2432 1989.7855 474.5906 43 331 435 4501
191.1302 1939.6038 670.2938 22 243 165 3125
288.6269 2026.2456 779.9181 18 244 123 2931
262.9210 1988.6093 684.2608 29 187 232 2307
309.1827 1963.5185 454.2818 42 310 476 4036
203.7437 1954.2256 674.6551 52 265 446 3396
454.3399 1968.8619 606.2509 31 284 293 3559
391.6560 1953.9933 722.3291 61 347 735 4513
316.8777 2011.6093 557.4047 37 377 387 5437
264.3921 1990.2356 746.0012 29 180 364 2201
476.0352 2002.7810 739.4581 43 362 535 4921
351.2584 1965.6094 431.9254 31 173 330 2103
175.9080 2023.1092 705.0888 16 230 170 2874
380.3167 2013.8163 587.9060 12 56 114 707
279.7893 1928.3216 754.2755 31 175 225 2031
157.1010 1972.6952 545.5476 41 242 432 3072
491.8827 2027.5234 503.1460 20 210 161 2590
322.9648 1923.4429 620.9341 24 203 250 2324
464.5194 2019.6244 638.4651 18 136 184 1731
