349.4934 1929.4119 437.3446 40 364 381 4052
268.9746 1950.0305 484.3562 15 55 108 565
367.3328 2031.2164 453.5193 21 56 192 607
473.8686 2075.6754 524.1957 0 3 0 25
243.0841 2017.6854 672.2968 23 125 243 1330
392.3786 2058.9227 741.2444 13 52 115 544
290.9705 1970.9713 509.8438 17 77 175 799
163.2840 2007.0539 657.0901 37 80 431 864
527.7091 1951.6413 688.5671 48 235 560 2584
477.9580 2000.6106 401.0578 11 157 112 1833
305.8432 2012.8529 435.4651 23 47 291 478
282.1127 2048.9356 488.7114 2 15 28 140
258.8963 2036.0489 619.4565 9 120 120 1242
374.9710 1970.3270 732.5714 46 271 459 3044
397.8799 1929.0897 719.2172 17 313 160 3700
294.7195 2006.4096 692.2337 22 72 209 721
341.4622 1934.2444 674.8483 78 340 772 3815
227.8896 2040.2169 500.1664 3 11 25 108
511.7074 2073.7222 549.4230 2 7 7 80
264.0424 2006.7116 716.0917 33 73 284 752
178.9531 1989.9590 600.5603 14 216 119 2395
172.5972 2056.9696 577.1590 12 79 101 806
493.7251 2031.8406 490.9159 20 106 216 1143
434.7496 2057.6139 471.2054 5 12 25 139
386.8355 2047.3046 459.6664 1 13 15 117
544.1405 2074.0444 570.9821 0 6 0 58
336.8686 2022.4978 787.5794 1 10 12 77
529.4990 1979.9718 652.7217 34 210 355 2356
479.4165 1934.2242 502.3339 30 349 250 4252
255.9435 1939.3789 579.6409 25 82 252 823
500.8032 2032.1628 639.8666 5 114 62 1273
231.4002 1947.1109 478.8147 30 92 241 901
399.0484 2076.4607 455.0595 0 2 0 23
358.4977 1988.8314 617.9384 44 87 536 887
199.7691 2010.7387 672.0716 27 149 257 1658
524.0081 1951.4601 668.2239 13 391 120 4504
314.0678 2037.1564 826.4453 6 29 59 273
369.9311 2006.2284 493.6282 42 197 431 2080
314.8827 2065.5070 654.3691 1 3 5 27
246.7219 2019.1150 827.1195 27 60 296 634
474.5829 2070.6617 541.1595 1 2 2 18
213.4655 1992.0531 577.3207 48 27 508 251
454.7311 1945.3390 646.8608 35 86 364 889
338.2542 2058.7415 665.4567 0 9 0 101
482.4184 2017.5042 614.7934 9 111 81 1223
507.1598 1982.7103 659.7785 38 109 414 1153
441.7787 1964.6689 604.1178 39 85 340 865
439.0236 1990.4422 585.7913 19 200 149 2412
205.5123 2000.7516 627.6305 13 246 121 2803
345.1981 1922.7873 644.9266 41 358 430 4308
167.5470 1958.8699 676.4865 11 71 82 710
203.5341 1965.3133 621.9399 67 131 800 1341
