361.3252 1922.6764 748.4834 225 389 2127 3515 1
464.5882 1994.7576 724.2477 40 20 284 144 1
428.5644 1917.6003 531.7370 217 381 2274 3552 1
400.5833 1995.2652 596.0570 22 194 237 1928 1
185.6947 2009.4784 659.9151 41 25 308 196 1
387.5240 1971.9150 519.8161 66 590 742 6375 1
178.3101 2008.4632 594.1653 16 34 166 334 1
126.1233 2034.8591 615.6563 10 333 54 3422 1
390.6494 1988.9200 438.7036 25 213 235 2105 1
192.6374 1962.5241 576.9145 38 117 372 940 1
341.0132 1995.0114 503.4408 15 198 117 2010 1
503.7066 1986.8896 642.4060 27 43 254 396 1
530.9972 1938.1586 535.8565 210 373 2205 3371 1
319.3893 1976.2297 800.3659 16 262 150 2635 1
346.5093 1990.4429 645.0919 12 558 134 6151 1
350.7240 1986.3820 569.3056 18 230 174 2266 1
231.8156 2043.2347 571.8874 20 16 149 126 1
337.7883 1999.5799 640.7123 28 63 276 574 1
391.4263 1920.3922 496.5466 35 618 299 6903 1
433.9439 2021.9149 442.5306 29 21 209 165 1
302.9865 1965.0622 804.1376 25 302 253 3168 1
321.7969 2034.3356 660.1829 24 19 176 127 1
379.8950 2028.2442 516.9248 19 58 121 491 1
227.2579 2041.9498 450.6664 16 17 158 149 1
428.2469 2029.7671 713.3728 24 21 146 171 1
433.1016 1956.6707 793.7560 32 61 276 582 1
280.4119 2005.4016 634.9116 34 21 262 172 1
178.2817 2024.6910 719.0353 26 23 144 185 1
511.7952 2040.9346 660.9793 20 17 146 137 1
320.2859 1931.2900 511.5245 41 284 337 3213 1
410.7610 2026.7214 772.2499 27 20 220 158 1
215.6341 2034.8432 547.9938 26 15 185 123 1
141.0307 1983.8280 618.9777 140 269 1629 2387 1
300.1565 2035.6047 580.7467 24 17 244 129 1
307.4844 1990.9346 441.8828 80 877 776 11522 1
507.7373 1951.8484 471.9417 27 286 251 2967 1
236.7015 2031.0361 792.7077 10 412 90 4138 1
469.2867 1925.4524 562.8006 33 313 266 3434 1
266.1214 1943.0920 459.6806 73 864 692 9523 1
508.8213 2015.1732 466.3230 8 478 81 5125 1
392.9923 1992.8382 744.7248 33 332 276 3315 1
216.3090 1984.7164 800.9284 97 915 1031 11556 1
277.9822 2037.5082 669.7349 22 14 159 123 1
176.5789 1996.8991 642.4608 22 538 211 5753 1
395.8467 1930.4017 749.1428 40 616 337 6544 1
302.4672 1920.2494 717.7681 97 1120 808 12846 1
458.2398 2029.8940 460.9360 21 18 169 138 1
197.8973 2021.7722 595.2016 39 35 301 284 1
216.8110 2039.0310 404.9337 25 27 207 227 1
437.0789 1986.2392 521.9280 28 223 271 2290 1
351.3666 2006.2899 720.9129 40 24 287 188 1
383.1590 1925.0717 544.8471 72 172 592 1478 1
237.6725 1923.0413 758.2521 73 1056 664 11929 1
449.8067 1997.1529 698.5831 20 562 209 6120 1
310.5028 1968.2189 530.4919 168 359 1734 3197 1
412.9682 2044.3610 665.3831 27 21 196 185 1
306.2007 1938.7773 683.2231 36 74 337 691 1
179.1218 2015.9346 629.5891 12 110 102 1075 1
245.8611 1961.4421 571.3463 15 140 169 1649 2
503.5143 2028.3510 430.2672 22 275 295 3762 2
454.9930 2033.9268 431.3825 29 225 279 3168 2
418.1962 2008.3713 541.9966 34 262 321 3229 2
221.1515 2034.3914 630.6642 18 178 141 2223 2
319.2432 1989.7855 474.5906 43 331 435 4501 2
191.1302 1939.6038 670.2938 22 243 165 3125 2
288.6269 2026.2456 779.9181 18 244 123 2931 2
262.9210 1988.6093 684.2608 29 187 232 2307 2
309.1827 1963.5185 454.2818 42 310 476 4036 2
203.7437 1954.2256 674.6551 52 265 446 3396 2
454.3399 1968.8619 606.2509 31 284 293 3559 2
391.6560 1953.9933 722.3291 61 347 735 4513 2
316.8777 2011.6093 557.4047 37 377 387 5437 2
264.3921 1990.2356 746.0012 29 180 364 2201 2
476.0352 2002.7810 739.4581 43 362 535 4921 2
351.2584 1965.6094 431.9254 31 173 330 2103 2
175.9080 2023.1092 705.0888 16 230 170 2874 2
380.3167 2013.8163 587.9060 12 56 114 707 2
279.7893 1928.3216 754.2755 31 175 225 2031 2
157.1010 1972.6952 545.5476 41 242 432 3072 2
491.8827 2027.5234 503.1460 20 210 161 2590 2
322.9648 1923.4429 620.9341 24 203 250 2324 2
464.5194 2019.6244 638.4651 18 136 184 1731 2
203.4050 1957.8202 732.9424 72 348 758 4001 3
285.2563 2047.9200 454.0880 14 344 153 3846 3
225.6904 2037.0646 738.3603 25 45 247 432 3
430.1800 1924.1684 513.9802 36 295 323 3157 3
501.0314 2018.0677 679.9730 14 674 139 7686 3
278.3998 2022.4098 671.6837 19 575 155 6633 3
173.3931 2046.2917 567.6602 9 372 71 4118 3
426.4429 2019.1532 584.4954 27 650 238 7587 3
136.1360 1927.9678 665.3932 69 352 519 3893 3
230.6044 1999.6135 777.8896 15 121 130 1224 3
131.8310 1917.1124 644.6556 26 71 216 644 3
292.2573 1995.0000 424.2640 24 607 288 7519 3
387.9801 2051.4480 650.5870 12 331 111 3775 3
185.3676 2042.7637 563.3720 15 420 181 4694 3
487.3100 2025.3951 533.0844 21 585 173 6592 3
165.4900 2023.2240 562.1358 17 631 182 7414 3
449.2906 2018.8818 442.9444 17 588 161 6767 3
314.6207 1975.4602 475.0506 58 282 596 3042 3
472.8491 2037.3360 586.0446 14 422 157 4733 3
200.5968 2041.1354 560.0358 7 410 66 4679 3
381.7532 2030.2800 707.7881 12 581 87 6599 3
287.3184 1987.9439 550.2356 30 602 297 7580 3
199.5969 2053.0764 464.1985 5 321 47 3550 3
129.9521 2050.9053 621.0970 10 312 87 3575 3
294.9737 1955.3777 662.1966 15 36 105 357 3
282.8948 2051.1597 610.9284 22 28 190 242 3
466.8423 2025.1067 501.6835 15 608 148 6939 3
369.6537 2038.1332 702.7258 36 47 323 424 3
202.0727 1927.4081 764.2717 31 52 267 477 3
408.9249 1949.1189 523.9573 27 38 250 364 3
469.2255 1961.0599 613.2859 25 183 266 1892 3
159.5010 1987.1128 617.0338 17 105 136 1130 3
400.5073 2043.5609 620.2487 9 369 83 4131 3
348.9464 1956.7177 727.7341 29 213 290 2279 3
177.6074 1948.0334 653.1848 21 39 176 379 3
307.0651 2032.7055 744.8725 13 467 115 5144 3
204.4465 2015.3369 789.5233 22 623 276 7094 3
454.4407 1971.9153 533.9222 59 292 595 3180 3
466.6098 1937.1780 468.3841 27 43 241 455 3
518.8672 2005.0242 702.8335 12 123 106 1266 3
324.6527 1952.9183 717.6777 71 346 724 3857 3
151.7331 1983.3134 639.7604 54 264 543 2810 3
423.5807 2044.1037 492.2631 3 351 20 3933 3
286.4276 1920.3521 731.2070 35 66 309 645 3
527.3065 2024.5640 498.9905 32 73 299 701 3
578.0538 2053.8736 560.8623 9 345 92 3804 3
471.2503 2021.3073 467.4470 16 594 169 6865 3
200.8737 1982.2279 622.1276 54 287 590 3114 3
183.3823 1921.4376 520.2358 35 68 301 694 3
116.8152 2016.6938 641.2142 14 644 124 7438 3
394.8215 1925.5084 705.6143 38 57 293 582 3
324.1832 2038.4046 626.7915 31 52 313 495 3
336.0368 1924.4229 738.1674 32 57 284 532 3
524.5039 1989.5553 669.5190 53 228 556 2504 3
489.4598 1965.6734 665.0185 69 322 774 3634 3
248.5673 1984.6704 671.1451 16 245 159 2739 3
532.8387 2010.7233 606.8254 9 98 99 1042 3
207.9268 2015.0655 483.8402 23 672 281 7509 3
475.9600 2025.9209 434.4814 21 520 236 5982 3
254.1815 1991.1836 584.4024 57 196 601 2223 3
300.2749 2004.2101 400.5461 18 115 147 1241 3
301.0986 1943.4198 805.7320 23 43 212 427 3
404.0105 1960.7885 544.0597 75 374 842 4087 3
468.9377 2031.3486 612.1370 15 508 109 5842 3
249.6528 2033.5197 826.8742 10 498 112 5666 3
321.4653 2016.5581 589.5991 19 619 171 7118 3
296.1427 2055.6376 671.4022 12 321 106 3466 3
435.8265 2040.4400 613.2412 12 421 105 4706 3
550.2657 1991.5907 625.2139 11 95 79 1043 3
249.4842 1965.5377 591.2134 64 329 674 3652 3
427.1462 2006.7882 400.7191 7 83 75 898 3
192.1264 2054.5520 532.9726 14 291 119 3243 3
500.4458 2035.5551 473.9515 10 444 105 5009 3
520.3406 1974.7648 530.4673 58 318 575 3326 3
474.0828 2007.3310 778.2653 35 245 351 2802 3
252.5109 1998.6467 462.6379 17 104 139 1141 3
402.5642 2023.6141 457.8043 17 580 119 6771 3
430.3517 1947.3549 573.3616 33 248 295 2632 3
537.8780 2011.4018 539.7542 13 101 116 1102 3
492.1949 1985.3488 586.2328 24 240 252 2683 3
441.6561 1963.6380 788.4208 18 187 186 1929 3
338.6752 1998.3753 774.2284 24 559 259 6742 3
323.8423 2043.9680 544.0480 8 387 93 4362 3
368.5012 2009.2307 525.8765 11 95 98 922 3
138.3517 2035.2837 683.0627 35 50 345 472 3
538.5748 2004.8885 638.2567 11 97 83 1038 3
269.0417 2010.8590 634.3597 31 253 299 2965 3
384.2397 2023.8855 452.4368 19 533 223 6103 3
425.2168 2026.0566 619.8549 19 517 218 5979 3
326.0091 2043.4252 510.0504 9 381 61 4340 3
283.5194 1935.9567 632.5449 30 44 205 429 3
409.0776 1993.8684 674.5567 14 281 131 4010 4
341.2313 1950.5237 499.6780 19 282 169 4121 4
450.7780 1997.3828 625.4682 10 231 75 3379 4
425.1693 1936.4660 745.3071 26 317 218 4823 4
188.0499 2039.5560 501.4293 13 161 127 2027 4
346.3893 1990.3540 677.0251 15 304 137 4519 4
410.4889 1946.4235 649.2227 34 79 273 1036 4
284.5079 1962.8242 714.8510 11 229 99 3326 4
401.8346 2065.9143 396.5246 2 98 16 1259 4
378.0610 1942.9091 459.8520 86 955 854 17127 4
237.0241 1963.9957 723.6751 16 154 153 2064 4
359.2874 1991.8183 547.7870 7 112 61 1538 4
319.4341 2024.6197 535.2573 26 52 227 699 4
237.2803 1968.3887 604.2709 25 276 252 3837 4
199.6524 1947.3021 603.4603 45 124 441 1729 4
221.5799 1933.2444 550.2447 28 454 253 7178 4
516.2163 2017.5908 560.5453 2 69 17 901 4
273.2131 2051.5637 767.2099 3 119 22 1577 4
529.1801 2056.2496 735.8927 4 104 40 1297 4
481.0544 2041.6061 643.5326 19 52 169 719 4
367.8547 2055.6638 783.0760 3 90 33 1132 4
474.1590 2035.7487 407.9512 8 179 77 2297 4
252.0296 1979.5178 484.1959 8 131 89 1768 4
174.5781 2045.1205 654.7872 5 131 50 1684 4
483.1173 2048.9095 759.3312 6 102 62 1313 4
389.2480 1957.5343 795.5711 57 387 527 5887 4
414.9779 2055.9384 430.5662 2 116 26 1459 4
366.4740 2058.8671 698.8957 5 102 34 1212 4
447.1238 1930.0045 526.1736 63 384 608 5934 4
266.2739 2000.2932 825.8625 7 184 98 2625 4
246.7296 1994.4358 660.6352 8 107 88 1500 4
254.1098 2017.8654 557.2569 7 161 75 2262 4
380.1232 2006.1506 410.7942 27 90 257 1159 4
404.6012 2015.5224 539.9776 23 69 238 886 4
410.3763 1940.2550 426.8534 54 140 472 1922 4
440.4805 2010.5436 790.4054 1 151 8 2067 4
324.7663 1980.0852 546.1397 59 915 646 15389 4
335.4926 1933.2261 717.0273 62 376 628 5652 4
474.4996 2042.1735 456.4375 6 157 56 2109 4
434.5069 1997.6574 542.3128 11 65 102 870 4
446.3909 1919.7541 611.5589 10 325 78 4812 4
442.0123 1985.3569 443.3870 21 270 216 3699 4
510.9848 2043.9308 570.8859 11 136 100 1779 4
507.6760 1979.4995 690.0371 7 224 53 3314 4
266.9073 2066.1888 471.6262 2 103 10 1311 4
279.0930 2028.7016 457.7696 35 541 411 8708 4
403.8490 2056.8170 456.6541 8 32 90 396 4
480.5248 2005.2720 431.7893 9 181 72 2493 4
239.2656 1958.8522 413.7889 22 282 262 3930 4
259.9633 2001.0254 542.8219 18 258 160 3475 4
386.7723 1965.8811 559.7338 24 389 240 6054 4
455.6054 2026.7979 512.8296 22 48 241 602 4
271.4670 2063.1137 572.1652 2 95 11 1123 4
210.5366 2042.0271 569.0110 14 42 142 546 4
313.4412 2027.9694 794.8697 3 99 20 1345 4
464.0858 2012.1544 627.6253 13 213 115 2788 4
282.8767 2035.5840 593.4321 14 44 212 585 4
258.6122 2023.8692 666.1768 3 25 31 330 4
393.5066 2028.5551 517.1620 4 144 29 2034 4
451.2655 1994.5823 798.9983 33 114 369 1549 4
264.4386 1947.7231 640.1246 17 319 155 4939 4
392.6654 1936.0084 411.5297 21 187 169 2502 4
424.8905 2057.5492 775.1239 2 124 24 1524 4
503.7117 1973.2028 752.0328 40 120 428 1633 4
303.3705 2022.4049 716.2300 10 61 93 750 4
484.9781 1950.9447 455.2270 8 265 59 3887 4
183.2403 2063.4066 690.4034 1 98 10 1249 4
420.8294 1962.0738 502.8563 17 178 128 2414 4
339.1872 1999.5610 727.8774 17 268 140 3553 4
226.7120 1929.2724 670.1201 13 199 114 2813 4
300.4734 2001.9040 515.7977 24 107 273 1443 4
228.0497 1923.4150 495.7226 61 166 544 2333 4
349.4934 1929.4119 437.3446 40 364 381 4052 5
268.9746 1950.0305 484.3562 15 55 108 565 5
367.3328 2031.2164 453.5193 21 56 192 607 5
473.8686 2075.6754 524.1957 0 3 0 25 5
243.0841 2017.6854 672.2968 23 125 243 1330 5
392.3786 2058.9227 741.2444 13 52 115 544 5
290.9705 1970.9713 509.8438 17 77 175 799 5
163.2840 2007.0539 657.0901 37 80 431 864 5
527.7091 1951.6413 688.5671 48 235 560 2584 5
477.9580 2000.6106 401.0578 11 157 112 1833 5
305.8432 2012.8529 435.4651 23 47 291 478 5
282.1127 2048.9356 488.7114 2 15 28 140 5
258.8963 2036.0489 619.4565 9 120 120 1242 5
374.9710 1970.3270 732.5714 46 271 459 3044 5
397.8799 1929.0897 719.2172 17 313 160 3700 5
294.7195 2006.4096 692.2337 22 72 209 721 5
341.4622 1934.2444 674.8483 78 340 772 3815 5
227.8896 2040.2169 500.1664 3 11 25 108 5
511.7074 2073.7222 549.4230 2 7 7 80 5
264.0424 2006.7116 716.0917 33 73 284 752 5
178.9531 1989.9590 600.5603 14 216 119 2395 5
172.5972 2056.9696 577.1590 12 79 101 806 5
493.7251 2031.8406 490.9159 20 106 216 1143 5
434.7496 2057.6139 471.2054 5 12 25 139 5
386.8355 2047.3046 459.6664 1 13 15 117 5
544.1405 2074.0444 570.9821 0 6 0 58 5
336.8686 2022.4978 787.5794 1 10 12 77 5
529.4990 1979.9718 652.7217 34 210 355 2356 5
479.4165 1934.2242 502.3339 30 349 250 4252 5
255.9435 1939.3789 579.6409 25 82 252 823 5
500.8032 2032.1628 639.8666 5 114 62 1273 5
231.4002 1947.1109 478.8147 30 92 241 901 5
399.0484 2076.4607 455.0595 0 2 0 23 5
358.4977 1988.8314 617.9384 44 87 536 887 5
199.7691 2010.7387 672.0716 27 149 257 1658 5
524.0081 1951.4601 668.2239 13 391 120 4504 5
314.0678 2037.1564 826.4453 6 29 59 273 5
369.9311 2006.2284 493.6282 42 197 431 2080 5
314.8827 2065.5070 654.3691 1 3 5 27 5
246.7219 2019.1150 827.1195 27 60 296 634 5
474.5829 2070.6617 541.1595 1 2 2 18 5
213.4655 1992.0531 577.3207 48 27 508 251 5
454.7311 1945.3390 646.8608 35 86 364 889 5
338.2542 2058.7415 665.4567 0 9 0 101 5
482.4184 2017.5042 614.7934 9 111 81 1223 5
507.1598 1982.7103 659.7785 38 109 414 1153 5
441.7787 1964.6689 604.1178 39 85 340 865 5
439.0236 1990.4422 585.7913 19 200 149 2412 5
205.5123 2000.7516 627.6305 13 246 121 2803 5
345.1981 1922.7873 644.9266 41 358 430 4308 5
167.5470 1958.8699 676.4865 11 71 82 710 5
203.5341 1965.3133 621.9399 67 131 800 1341 5
307.1825 1940.2814 473.6889 12 84 99 807 6
534.0569 2022.1887 588.3664 2 25 16 244 6
338.0865 1970.4578 523.3247 31 370 324 4323 6
298.3686 2001.7119 565.9746 24 27 243 254 6
341.1399 2044.8210 697.0205 2 19 17 178 6
346.6086 1922.4989 746.5096 29 152 252 1594 6
555.8554 1972.0744 611.6404 184 52 1797 454 6
426.7216 1970.9966 463.2587 32 19 310 179 6
363.0297 1981.7739 461.2973 22 44 202 375 6
461.7927 1968.8412 471.9778 38 366 439 4218 6
370.7105 1987.9708 621.4244 28 10 248 90 6
253.1387 1954.5613 613.6660 199 42 1860 354 6
281.1836 2047.2459 685.8725 1 22 12 187 6
435.0477 2010.0643 457.9040 5 83 40 830 6
261.3002 2018.6861 571.1090 22 304 215 3611 6
291.7418 1963.9746 548.5027 44 402 410 4724 6
351.9576 1976.9073 625.7832 29 48 260 438 6
214.9637 2002.7728 591.6133 4 29 32 269 6
343.5987 1957.5082 770.4860 8 140 65 1379 6
316.6880 2000.6173 543.9577 34 20 338 193 6
470.4230 2008.1614 555.2253 1 41 12 335 6
272.5749 2049.1151 424.5116 3 21 22 182 6
192.5562 2001.6950 751.0133 13 330 118 3820 6
249.7351 1922.4820 637.4370 57 350 473 3931 6
284.5659 2027.0216 735.0976 17 5 188 56 6
536.0468 1998.7313 563.1774 17 24 164 246 6
257.0443 1958.8554 749.6745 31 38 288 337 6
344.4625 2017.0527 487.5685 7 34 73 298 6
273.2666 2027.2911 498.5090 0 54 0 531 6
312.7754 1997.1147 630.7441 1 123 10 1200 6
407.2455 1927.4665 430.2230 45 349 379 3879 6
191.6631 2026.6175 634.5885 5 16 53 159 6
534.7098 1939.3215 689.9628 8 188 77 1862 6
337.6785 2005.6018 550.0414 17 38 147 339 6
463.3772 2027.1564 689.9829 13 13 150 134 6
194.9409 1994.8245 763.7501 8 35 83 299 6
142.8032 2024.7315 596.9796 1 66 4 614 6
332.5142 1975.1560 507.6261 2 95 12 948 6
474.8016 2049.5192 545.4143 2 15 19 146 6
384.1739 2001.5603 586.5996 33 25 307 230 6
170.9829 2033.8921 665.7936 1 29 10 269 6
