307.1825 1940.2814 473.6889 12 84 99 807
534.0569 2022.1887 588.3664 2 25 16 244
338.0865 1970.4578 523.3247 31 370 324 4323
298.3686 2001.7119 565.9746 24 27 243 254
341.1399 2044.8210 697.0205 2 19 17 178
346.6086 1922.4989 746.5096 29 152 252 1594
555.8554 1972.0744 611.6404 184 52 1797 454
426.7216 1970.9966 463.2587 32 19 310 179
363.0297 1981.7739 461.2973 22 44 202 375
461.7927 1968.8412 471.9778 38 366 439 4218
370.7105 1987.9708 621.4244 28 10 248 90
253.1387 1954.5613 613.6660 199 42 1860 354
281.1836 2047.2459 685.8725 1 22 12 187
435.0477 2010.0643 457.9040 5 83 40 830
261.3002 2018.6861 571.1090 22 304 215 3611
291.7418 1963.9746 548.5027 44 402 410 4724
351.9576 1976.9073 625.7832 29 48 260 438
214.9637 2002.7728 591.6133 4 29 32 269
343.5987 1957.5082 770.4860 8 140 65 1379
316.6880 2000.6173 543.9577 34 20 338 193
470.4230 2008.1614 555.2253 1 41 12 335
272.5749 2049.1151 424.5116 3 21 22 182
192.5562 2001.6950 751.0133 13 330 118 3820
249.7351 1922.4820 637.4370 57 350 473 3931
284.5659 2027.0216 735.0976 17 5 188 56
536.0468 1998.7313 563.1774 17 24 164 246
257.0443 1958.8554 749.6745 31 38 288 337
344.4625 2017.0527 487.5685 7 34 73 298
273.2666 2027.2911 498.5090 0 54 0 531
312.7754 1997.1147 630.7441 1 123 10 1200
407.2455 1927.4665 430.2230 45 349 379 3879
191.6631 2026.6175 634.5885 5 16 53 159
534.7098 1939.3215 689.9628 8 188 77 1862
337.6785 2005.6018 550.0414 17 38 147 339
463.3772 2027.1564 689.9829 13 13 150 134
194.9409 1994.8245 763.7501 8 35 83 299
142.8032 2024.7315 596.9796 1 66 4 614
332.5142 1975.1560 507.6261 2 95 12 948
474.8016 2049.5192 545.4143 2 15 19 146
384.1739 2001.5603 586.5996 33 25 307 230
170.9829 2033.8921 665.7936 1 29 10 269
