0 14 L1_DAC:L23_PC 3209.5 3208.3 75.0 0.04 1.20 3098.0 3378.0
1 14 L1_DLAC:L23_PC 1431.8 1382.4 100.0 3.57 49.35 1395.0 1494.0
2 14 L1_HAC:L23_PC 6290.8 5884.1 75.0 6.91 406.65 6099.0 6411.0
3 14 L1_NGC-DA:L23_PC 3789.2 3661.9 75.0 3.48 127.35 3583.0 4007.0
4 14 L1_NGC-SA:L23_PC 1431.8 1361.1 50.0 5.19 70.65 1389.0 1478.0
5 14 L1_SLAC:L23_PC 1119.0 1076.9 50.0 3.91 42.10 1052.0 1187.0
6 14 L23_BP:L23_PC 104.8 97.3 25.0 7.66 7.45 98.0 111.0
7 14 L23_BTC:L23_PC 5719.5 5333.7 50.0 7.23 385.80 5662.0 5777.0
8 14 L23_ChC:L23_PC 2811.2 2531.6 12.5 11.05 279.65 2762.0 2845.0
9 14 L23_DBC:L23_PC 7312.0 6465.6 12.5 13.09 846.40 7229.0 7367.0
10 14 L23_LBC:L23_PC 19904.0 17463.4 12.5 13.98 2440.60 19494.0 20255.0
11 14 L23_MC:L23_PC 35231.0 32758.7 50.0 7.55 2472.30 34953.0 35681.0
12 14 L23_NBC:L23_PC 13670.8 12639.1 50.0 8.16 1031.65 13642.0 13705.0
13 14 L23_NGC:L23_PC 2318.5 2309.9 75.0 0.37 8.60 2279.0 2360.0
14 0 L23_PC:L1_DAC 462.0 452.0 12.5 2.21 10.00 408.0 500.0
14 1 L23_PC:L1_DLAC 144.2 147.6 50.0 -2.27 -3.35 141.0 150.0
14 2 L23_PC:L1_HAC 408.2 386.4 125.0 5.65 21.85 396.0 416.0
14 3 L23_PC:L1_NGC-DA 222.5 222.4 50.0 0.04 0.10 216.0 240.0
14 4 L23_PC:L1_NGC-SA 181.5 163.4 100.0 11.08 18.10 174.0 189.0
14 5 L23_PC:L1_SLAC 147.0 144.9 12.5 1.45 2.10 134.0 155.0
14 6 L23_PC:L23_BP 112.2 117.6 12.5 -4.55 -5.35 95.0 121.0
14 7 L23_PC:L23_BTC 2764.5 2624.7 12.5 5.33 139.80 2717.0 2814.0
14 8 L23_PC:L23_ChC 1385.5 1281.1 12.5 8.15 104.40 1355.0 1419.0
14 9 L23_PC:L23_DBC 1960.0 2082.4 12.5 -5.88 -122.40 1889.0 2003.0
14 10 L23_PC:L23_LBC 12753.2 11535.7 12.5 10.55 1217.55 12424.0 13029.0
14 11 L23_PC:L23_MC 9191.5 8834.3 12.5 4.04 357.20 9066.0 9281.0
14 12 L23_PC:L23_NBC 14665.5 13492.6 12.5 8.69 1172.90 14544.0 14758.0
14 13 L23_PC:L23_NGC 822.0 861.9 12.5 -4.63 -39.90 783.0 891.0
14 15 L23_PC:L23_SBC 8075.8 7714.1 12.5 4.69 361.65 8046.0 8102.0
15 14 L23_SBC:L23_PC 6681.0 6199.6 50.0 7.77 481.40 6562.0 6796.0
