6 10 114 117 1 6 85 3275
18 10 114 117 0 0 86 10595
6 10 117 114 0 0 90 67179
18 10 117 114 0 0 93 40171
28 8 114 117 0 0 115 15838
6 8 114 117 1 45 115 31970
16 8 114 117 1 32 115 41484
43 8 114 117 1 25 115 57022
29 8 114 117 1 43 115 76834
18 8 114 117 1 18 115 134215
17 8 114 117 1 25 115 135256
31 8 114 117 1 9 116 45325
42 8 114 117 1 19 117 207096
44 8 114 117 0 0 118 22327
45 8 114 117 2 13 118 51598
41 8 114 117 0 0 119 22537
30 8 114 117 2 19 119 111455
6 8 117 114 1 86 120 6703
16 8 117 114 1 56 120 8725
29 8 117 114 0 0 120 14271
28 8 117 114 1 35 120 17410
45 8 117 114 0 0 120 26625
43 8 117 114 1 0 120 28737
31 8 117 114 1 72 120 46382
18 8 117 114 1 22 120 70838
17 8 117 114 1 12 120 74313
30 8 117 114 0 0 122 201267
42 8 117 114 0 0 123 82385
44 8 117 114 1 45 123 83111
41 8 117 114 1 0 123 122234
6 9 114 117 1 20 155 530
43 9 114 117 1 23 155 26947
28 9 114 117 1 34 155 47742
16 9 114 117 1 23 155 70961
18 9 114 117 1 23 155 104447
29 9 114 117 0 0 157 12863
17 9 114 117 1 18 157 72654
16 12 134 115 0 0 165 42027
6 12 134 115 2 7 165 69436
18 12 134 115 1 4 165 71489
28 12 134 115 1 3 165 76785
29 12 134 115 0 0 165 79906
41 12 134 115 2 5 165 87808
31 12 134 115 1 42 167 14192
17 12 134 115 0 0 168 166901
43 12 134 115 1 19 169 22733
44 12 134 115 1 9 169 122550
6 12 115 134 2 14 170 790
28 12 115 134 2 3 170 15368
41 12 115 134 1 5 170 23763
18 12 115 134 1 1 171 39752
29 12 115 134 1 30 171 45165
17 12 115 134 1 21 171 72406
44 12 115 134 1 1 171 124935
43 12 115 134 1 29 171 146125
16 12 115 134 1 9 172 164970
30 12 115 134 0 0 172 169263
31 12 115 134 1 19 172 171604
45 12 115 134 0 0 172 179327
6 12 134 115 1 10 180 67228
16 12 134 115 2 3 180 74462
28 12 134 115 1 3 180 75427
31 12 134 115 2 13 180 78393
17 12 134 115 2 5 180 136027
18 12 134 115 1 4 180 136430
29 12 134 115 0 0 180 141090
30 12 134 115 1 12 180 170473
41 12 134 115 0 0 180 178656
43 12 134 115 1 20 180 179778
44 12 134 115 1 17 181 153353
45 12 134 115 1 26 184 19631
42 12 134 115 1 5 187 25845
6 13 134 115 1 23 220 1253
18 13 134 115 1 38 220 7943
16 13 134 115 1 31 220 8008
17 13 134 115 0 0 220 10052
29 13 134 115 0 0 220 13521
41 13 134 115 1 30 220 20733
43 13 134 115 0 0 220 22324
42 13 134 115 0 0 220 30826
28 13 134 115 0 0 220 45104
30 13 134 115 0 0 220 76935
44 13 134 115 0 0 221 183284
45 13 134 115 1 27 221 186451
31 13 134 115 1 2 223 76315
6 13 115 134 1 59 225 821
18 13 115 134 1 37 225 8570
29 13 115 134 0 0 225 14043
28 13 115 134 0 0 225 15053
31 13 115 134 1 26 225 16967
16 13 115 134 1 9 225 75165
17 13 115 134 1 24 225 105165
44 13 115 134 1 41 227 93824
45 13 115 134 1 31 227 146785
41 13 115 134 1 14 227 147139
42 13 115 134 0 0 228 84026
43 13 115 134 1 10 228 87074
30 13 115 134 1 30 229 75375
6 13 134 115 1 37 240 31773
16 13 134 115 0 0 240 41092
18 13 134 115 0 0 240 43122
28 13 134 115 1 26 240 44271
30 13 134 115 1 33 240 138295
41 13 134 115 1 38 240 153451
29 13 134 115 1 4 240 174016
42 13 134 115 1 4 241 121408
17 13 134 115 0 0 242 8093
44 13 134 115 1 2 242 30762
31 13 134 115 1 2 242 80537
45 13 134 115 0 0 242 82487
43 13 134 115 1 6 242 85774
16 22 114 117 0 0 300 165026
17 22 114 117 0 0 301 74577
16 22 117 114 0 0 305 164860
17 22 117 114 0 0 305 168428
17 20 114 117 0 0 330 74175
45 20 114 117 1 0 330 83297
41 20 114 117 0 0 330 90954
29 20 114 117 1 5 330 140157
43 20 114 117 1 18 330 155490
6 20 114 117 1 30 330 157475
16 20 114 117 1 38 330 164614
18 20 114 117 0 0 330 164618
28 20 114 117 1 30 330 170533
30 20 114 117 1 31 330 171160
31 20 114 117 1 17 330 172900
42 20 114 117 0 0 330 177993
44 20 114 117 1 6 330 178054
6 20 117 114 0 0 335 4446
16 20 117 114 1 13 335 9381
28 20 117 114 0 0 335 18206
18 20 117 114 1 48 335 40647
17 20 117 114 1 15 335 40837
29 20 117 114 1 17 335 45423
30 20 117 114 1 13 335 47364
45 20 117 114 1 48 335 52852
41 20 117 114 1 24 335 60545
42 20 117 114 0 0 335 62575
43 20 117 114 1 3 335 84184
31 20 117 114 1 27 336 174760
44 20 117 114 1 5 336 208572
16 21 114 117 0 0 380 12128
29 21 114 117 1 12 380 44228
28 21 114 117 0 0 380 49790
6 21 114 117 1 7 380 65955
17 21 114 117 0 0 380 72467
18 21 114 117 1 29 380 74636
30 21 114 117 0 0 380 75258
45 21 114 117 0 0 380 83814
31 21 114 117 1 1 380 109287
42 21 114 117 0 0 380 121898
41 21 114 117 0 0 381 23968
44 21 114 117 0 0 382 83176
43 21 114 117 0 0 383 92932
6 21 117 114 0 0 385 7375
30 21 117 114 0 0 385 12848
29 21 117 114 0 0 385 12863
28 21 117 114 0 0 385 15900
16 21 117 114 1 1 385 39349
18 21 117 114 0 0 385 42026
17 21 117 114 0 0 385 43195
44 21 117 114 1 37 385 51091
45 21 117 114 0 0 385 54245
41 21 117 114 0 0 385 62432
43 21 117 114 0 0 385 87714
31 21 117 114 0 0 386 75560
42 21 117 114 0 0 386 218220
6 24 134 115 1 25 405 766
16 24 134 115 2 5 405 7925
17 24 134 115 1 44 405 8011
18 24 134 115 1 37 405 8558
30 24 134 115 2 5 405 12854
29 24 134 115 2 4 405 12982
28 24 134 115 0 0 405 15791
42 24 134 115 1 19 405 18873
44 24 134 115 0 0 405 21685
45 24 134 115 1 15 405 23457
43 24 134 115 1 41 405 86491
41 24 134 115 1 28 405 87303
31 24 134 115 1 10 406 109180
16 25 134 115 1 43 460 8569
42 25 134 115 1 4 460 26368
44 25 134 115 0 0 460 29757
6 25 134 115 0 0 460 63210
18 25 134 115 1 32 460 71330
17 25 134 115 1 26 460 71901
28 25 134 115 1 42 460 76534
29 25 134 115 0 0 460 79984
45 25 134 115 1 13 460 85789
41 25 134 115 1 4 460 146364
43 25 134 115 0 0 461 28386
31 25 134 115 1 14 461 45325
30 25 134 115 1 39 462 110053
6 35 114 117 0 0 530 3995
16 35 114 117 1 3 530 10153
18 35 114 117 0 0 530 10576
28 35 114 117 1 18 530 12683
29 35 114 117 0 0 530 12880
31 35 114 117 1 45 530 13906
44 35 114 117 1 23 530 20883
43 35 114 117 0 0 530 20890
41 35 114 117 0 0 530 21612
45 35 114 117 0 0 530 52199
17 35 114 117 0 0 531 133320
30 35 114 117 0 0 531 138262
16 35 117 114 1 61 535 40132
6 35 117 114 0 0 535 64692
18 35 117 114 1 61 535 73461
29 35 117 114 1 18 535 77864
28 35 117 114 1 0 535 80002
43 35 117 114 1 27 535 84739
30 35 117 114 1 60 535 142082
17 35 117 114 1 27 535 167714
31 35 117 114 1 48 535 173172
41 35 117 114 0 0 535 176206
45 35 117 114 1 60 535 187059
44 35 117 114 1 42 537 57128
6 33 114 117 0 0 550 2358
16 33 114 117 1 20 550 7862
17 33 114 117 0 0 550 8002
18 33 114 117 0 0 550 8459
30 33 114 117 0 0 550 13325
28 33 114 117 1 1 550 14490
29 33 114 117 0 0 550 17231
45 33 114 117 1 28 550 20164
42 33 114 117 0 0 550 21503
43 33 114 117 0 0 550 21893
41 33 114 117 0 0 550 122361
31 33 114 117 1 91 551 16347
44 33 114 117 0 0 551 112952
16 33 117 114 0 0 555 9983
28 33 117 114 1 4 555 16843
6 33 117 114 0 0 555 31971
17 33 117 114 1 28 555 39607
18 33 117 114 1 28 555 40938
29 33 117 114 0 0 555 44409
43 33 117 114 0 0 555 50481
42 33 117 114 0 0 555 51134
45 33 117 114 1 21 555 51528
31 33 117 114 1 11 555 78682
44 33 117 114 0 0 555 84794
41 33 117 114 0 0 555 93918
30 33 117 114 1 78 556 109369
16 34 114 117 1 9 595 8458
30 34 114 117 1 3 595 16121
45 34 114 117 0 0 595 18934
44 34 114 117 0 0 595 20927
41 34 114 117 0 0 595 21269
42 34 114 117 0 0 595 27348
28 34 114 117 0 0 595 45222
29 34 114 117 0 0 595 45551
43 34 114 117 1 44 595 61172
6 34 114 117 0 0 595 67282
17 34 114 117 0 0 595 74192
31 34 114 117 0 0 595 75282
18 34 114 117 1 26 597 197475
41 34 117 114 1 0 600 21202
6 34 117 114 0 0 600 65515
17 34 117 114 1 10 600 71465
16 34 117 114 0 0 600 74664
28 34 117 114 0 0 600 81321
18 34 117 114 1 5 600 104123
29 34 117 114 0 0 600 106761
30 34 117 114 2 15 600 108606
43 34 117 114 0 0 600 124249
31 34 117 114 0 0 600 203472
45 34 117 114 1 18 601 21206
42 34 117 114 0 0 601 24466
44 34 117 114 0 0 601 117259
6 37 134 115 1 29 630 4379
28 37 134 115 1 29 630 15492
29 37 134 115 1 16 630 16287
16 37 134 115 1 0 630 41545
44 37 134 115 0 0 630 53834
18 37 134 115 1 19 630 72050
17 37 134 115 0 0 630 74896
30 37 134 115 1 14 630 75299
31 37 134 115 0 0 630 78058
43 37 134 115 0 0 630 81823
45 37 134 115 1 20 630 81952
42 37 134 115 1 15 630 91250
41 37 134 115 1 11 631 29792
6 38 134 115 1 10 690 4045
28 38 134 115 1 60 690 12611
29 38 134 115 1 9 690 15558
30 38 134 115 1 44 690 16888
42 38 134 115 1 59 690 20036
45 38 134 115 1 55 690 21451
41 38 134 115 1 56 690 30156
18 38 134 115 1 64 690 72825
16 38 134 115 1 21 690 73191
17 38 134 115 1 53 690 74122
44 38 134 115 1 9 690 84482
43 38 134 115 1 53 690 93397
31 38 134 115 1 51 690 106820
6 38 115 134 1 33 695 3176
16 38 115 134 1 9 695 7969
17 38 115 134 0 0 695 8265
18 38 115 134 1 44 695 10301
28 38 115 134 1 17 695 12520
29 38 115 134 1 40 695 12582
31 38 115 134 1 1 695 14153
30 38 115 134 1 9 695 18028
43 38 115 134 1 37 695 18628
41 38 115 134 0 0 695 18653
44 38 115 134 0 0 695 19618
45 38 115 134 1 37 695 22269
42 38 115 134 1 28 695 24743
42 38 134 115 1 21 710 59254
6 38 134 115 0 0 710 69726
16 38 134 115 1 31 710 73138
29 38 134 115 1 22 710 75267
28 38 134 115 1 21 710 75411
30 38 134 115 1 8 710 76542
44 38 134 115 1 2 710 83988
45 38 134 115 1 54 710 89463
43 38 134 115 1 9 710 93295
17 38 134 115 1 19 710 165380
18 38 134 115 1 5 710 168615
31 38 134 115 1 0 710 170367
41 38 134 115 1 9 710 177014
28 49 114 117 0 0 795 15729
44 49 114 117 0 0 795 26518
42 49 114 117 1 1 795 26802
16 49 114 117 1 48 795 71405
31 49 114 117 1 31 795 77210
29 49 114 117 1 31 795 78520
45 49 114 117 1 30 795 84900
41 49 114 117 0 0 795 87421
43 49 114 117 1 12 795 89671
30 49 114 117 1 42 795 204423
16 49 117 114 1 0 800 9185
43 49 117 114 0 0 800 19233
41 49 117 114 0 0 800 19789
45 49 117 114 1 61 800 21184
42 49 117 114 1 3 800 22438
44 49 117 114 1 31 800 24008
28 49 117 114 1 23 800 107399
29 49 117 114 1 12 800 109763
30 49 117 114 1 16 801 14501
31 49 117 114 1 11 801 47937
29 47 114 117 1 8 815 45108
28 47 114 117 1 12 815 48435
43 47 114 117 1 49 815 53461
45 47 114 117 1 12 815 61337
6 47 114 117 1 49 815 67508
16 47 114 117 1 12 815 72133
17 47 114 117 1 54 815 72200
30 47 114 117 1 23 815 75896
44 47 114 117 1 59 815 88734
41 47 114 117 0 0 815 93718
31 47 114 117 0 0 815 139377
42 47 114 117 1 39 815 147155
43 47 117 114 1 12 820 55629
6 47 117 114 0 0 820 69333
30 47 117 114 1 39 820 77007
45 47 117 114 1 68 820 81466
41 47 117 114 1 52 820 81643
44 47 117 114 1 12 820 82140
42 47 117 114 1 8 820 82573
31 47 117 114 1 17 820 174667
16 47 117 114 1 40 821 42726
28 47 117 114 1 34 822 13658
17 47 117 114 0 0 822 74723
29 47 117 114 1 68 823 13304
18 47 117 114 1 6 823 103988
6 48 114 117 1 41 860 3355
29 48 114 117 0 0 860 14210
43 48 114 117 0 0 860 22361
45 48 114 117 1 42 860 30112
30 48 114 117 0 0 860 48571
16 48 114 117 1 39 860 72912
18 48 114 117 0 0 861 8180
28 48 114 117 0 0 861 111415
17 48 114 117 0 0 861 196833
31 48 114 117 0 0 862 138349
6 48 117 114 0 0 865 4459
28 48 117 114 1 35 865 12576
29 48 117 114 0 0 865 12987
45 48 117 114 0 0 865 18685
43 48 117 114 0 0 865 20858
16 48 117 114 1 15 865 40315
31 48 117 114 1 5 865 46495
30 48 117 114 0 0 865 76277
17 48 117 114 0 0 866 73640
18 48 117 114 1 85 868 134809
45 51 134 115 1 3 890 22007
16 51 134 115 0 0 890 70565
28 51 134 115 1 6 890 75348
31 51 134 115 1 6 890 79102
29 51 134 115 1 3 890 79113
30 51 134 115 0 0 890 81101
43 51 134 115 1 13 890 81580
6 51 134 115 1 13 891 96114
17 51 134 115 1 22 893 103525
18 51 134 115 1 20 893 105984
16 51 115 134 1 14 900 41267
18 51 115 134 1 40 900 42026
28 51 115 134 0 0 900 44288
45 51 115 134 0 0 900 50843
43 51 115 134 1 33 900 55603
30 51 115 134 1 1 900 76430
6 51 115 134 1 15 900 125777
29 51 115 134 1 24 900 138001
17 51 115 134 1 21 901 8525
31 51 115 134 1 37 901 15405
6 51 134 115 1 10 905 5245
16 51 134 115 2 3 905 9487
28 51 134 115 0 0 905 12713
30 51 134 115 1 33 905 12816
29 51 134 115 1 33 905 13561
43 51 134 115 1 27 905 23034
45 51 134 115 0 0 905 23792
17 51 134 115 1 10 905 39658
18 51 134 115 1 15 905 43620
31 51 134 115 0 0 907 45758
45 52 134 115 1 67 955 22639
6 52 134 115 0 0 955 37307
43 52 134 115 1 80 955 50414
16 52 134 115 1 78 955 135447
28 52 134 115 1 33 956 44238
18 52 134 115 1 21 958 39435
30 52 134 115 1 13 958 76028
17 52 134 115 1 9 958 134707
29 52 134 115 1 14 958 138153
31 52 134 115 1 19 958 139377
6 52 115 134 0 0 960 4340
16 52 115 134 1 56 960 9080
17 52 115 134 0 0 960 12002
29 52 115 134 1 78 960 14263
30 52 115 134 1 17 960 18179
45 52 115 134 0 0 960 18630
43 52 115 134 1 28 960 19072
28 52 115 134 0 0 961 16585
31 52 115 134 1 59 961 111337
18 52 115 134 1 10 963 9945
6 52 134 115 1 41 975 35659
18 52 134 115 1 23 975 40451
16 52 134 115 0 0 975 42249
17 52 134 115 1 4 975 42671
29 52 134 115 1 47 975 46561
28 52 134 115 1 4 975 47246
45 52 134 115 0 0 975 50313
43 52 134 115 1 41 975 57284
30 52 134 115 0 0 975 138477
31 52 134 115 0 0 975 141923

