748.4292 1921.4017 643.4634 53 71 453 648 1
738.9702 2007.6960 660.4687 8 453 81 4888 1
562.1742 1999.5742 697.3708 38 29 291 238 1
611.7608 1987.3915 714.2216 117 230 1260 2041 1
614.3526 1928.5083 678.4731 29 727 239 8350 1
605.7812 2034.0919 630.9678 14 53 99 451 1
844.4363 1965.0565 802.1183 40 24 322 209 1
681.4442 1963.2798 607.4231 45 90 474 780 1
771.0815 2003.8889 815.7496 31 253 272 2577 1
670.7715 1994.7519 703.1777 20 546 220 5897 1
611.0981 2021.1478 913.6176 10 310 135 3181 1
682.1804 1934.3458 716.9073 44 96 364 922 1
746.6506 2029.7772 672.8294 4 272 34 2992 1
708.0606 2033.8381 678.3906 14 31 111 278 1
617.1524 2028.7620 821.4669 17 66 131 563 1
552.8493 2008.4574 783.6867 13 519 129 5317 1
744.3013 1927.2392 959.0242 20 65 145 677 1
796.2996 1967.8483 643.3084 9 265 90 2723 1
781.9588 2038.8826 960.0734 2 22 21 214 1
831.0130 1949.5425 756.9658 31 624 334 6873 1
817.8761 2018.5780 641.2622 9 93 104 887 1
573.9565 2000.3039 869.2494 6 176 36 1693 1
529.6933 1971.8775 788.9883 18 246 157 2568 1
886.9512 2005.3800 699.1560 24 14 158 102 1
900.9062 1964.2633 872.5123 78 155 874 1390 1
578.3872 1990.6592 685.5397 15 218 160 2230 1
584.2927 2043.4511 823.5781 26 13 201 111 1
875.6778 2016.0399 719.0290 20 5 162 48 1
572.3249 1971.3699 882.8287 42 119 356 1030 1
481.8508 1965.2785 787.8783 38 73 393 711 1
793.2516 1989.8978 693.8299 24 91 236 844 1
717.6532 2034.5678 828.7538 18 16 127 123 1
641.6200 1971.6237 966.7663 33 73 298 606 1
473.2332 2015.7861 841.1270 30 21 237 172 1
742.8669 2009.6948 747.1254 15 78 99 660 1
772.5397 2012.7404 671.8312 6 86 60 889 1
683.6959 1923.4004 743.5741 38 427 317 4582 1
678.9091 1927.4613 951.0847 45 146 406 1257 1
670.9665 1985.9638 751.9189 23 194 266 1972 1
542.3245 2017.4359 687.7092 29 16 271 134 1
816.3818 2025.0501 770.1553 8 214 92 2232 1
782.7034 1958.0450 863.5462 46 480 483 5205 1
794.8492 2001.9536 749.5124 28 48 242 441 1
726.0567 1985.7100 976.0350 69 147 760 1235 1
690.6745 1991.8014 791.4379 26 276 269 2867 1
743.4785 2025.3039 628.2827 30 10 210 72 1
737.9599 1952.2075 801.5277 31 315 330 3172 1
668.0680 1950.6846 880.2869 107 794 1011 11197 1
588.2982 1940.5324 875.6044 38 85 415 772 1
649.8170 1928.3496 687.3730 57 159 464 1413 1
851.7610 1963.8826 855.0034 11 53 72 496 1
637.9943 1939.5171 961.1982 24 673 202 7775 1
875.1074 2036.9790 904.5441 10 11 69 85 1
608.9225 1967.9435 798.2693 59 381 527 4081 1
651.4610 1992.3090 727.9234 24 49 250 456 1
648.4433 2002.4613 787.1679 21 307 176 2968 1
770.9855 1989.9613 625.5793 80 896 786 12254 1
840.2248 2022.4486 628.6948 7 224 63 2474 1
