2.400000 1.300000 3.800000 3.100000 4.200000 1.200000 0.610000 3.700000 1.100000 1.000000 1.500000 3.000000 1.200000 1.500000 2.900000 1.600000 0.000000 0.085000 0.000000 0.000000 0.140000 0.150000 0.054167 0.000000 1.500000 0.056667 0.620000 0.210000 0.000000 0.000000 0.000000 0.330000 0.024762 0.017468 0.000000 0.000000 0.000000 1.500000 2.700000 2.900000 0.290000 0.037000 0.000000 0.000000 0.000000 0.000000 0.000000 0.000000 0.000000 0.000000 0.000000 0.000000 0.051000 0.024000 0.077000 0.000000 0.000000 0.000000
5.100000 0.739130 4.900000 6.300000 3.700000 2.900000 1.500000 1.100000 3.100000 1.100000 1.600000 3.200000 1.300000 0.375000 3.200000 2.200000 0.000000 0.000000 0.000000 1.100000 0.000000 0.000000 0.000000 0.000000 1.300000 0.000000 0.410000 0.000000 0.000000 0.109211 0.000000 0.000000 0.000000 0.000000 0.000000 0.000000 0.000000 2.600000 3.700000 3.900000 0.038012 0.000000 0.000000 0.000000 0.000000 0.000000 0.000000 0.000000 0.000000 0.000000 0.000000 0.000000 0.000000 0.000000 0.031124 0.000000 0.000000 0.000000
7.600000 8.500000 5.800000 4.600000 9.100000 4.100000 0.000000 2.500000 3.000000 1.600000 1.100000 3.500000 1.300000 0.580000 4.000000 0.970000 0.000000 0.000000 0.000000 0.890000 0.000000 0.000000 0.000000 0.000000 1.400000 0.000000 0.420000 0.000000 0.000000 0.000000 0.000000 0.110000 0.000000 0.000000 0.000000 0.000000 0.000000 2.500000 4.700000 4.900000 0.067000 0.000000 0.000000 0.000000 0.000000 0.000000 0.000000 0.000000 0.000000 0.000000 0.000000 0.000000 0.000000 0.000000 0.064000 0.000000 0.000000 0.000000
7.600000 9.000000 5.700000 5.100000 7.800000 7.500000 0.000000 3.100000 2.900000 1.200000 2.000000 3.600000 1.600000 1.300000 3.700000 2.000000 0.000000 0.000000 0.000000 0.350000 0.000000 0.000000 0.000000 0.000000 1.300000 0.230000 0.580000 0.000000 0.000000 0.000000 0.000000 0.270000 0.000000 0.000000 0.000000 0.000000 0.000000 1.800000 3.900000 4.300000 0.310000 0.000000 0.000000 0.000000 0.000000 0.000000 0.000000 0.000000 0.000000 0.000000 0.000000 0.000000 0.000000 0.000000 0.016000 0.000000 0.000000 0.000000
7.200000 1.200000 8.100000 2.900000 3.400000 4.600000 0.660000 2.100000 2.600000 1.100000 0.890000 1.600000 1.000000 0.330000 2.400000 1.500000 0.000000 0.000000 0.000000 0.950000 0.000000 0.000000 0.000000 0.000000 0.840000 0.031667 0.420000 0.000000 0.000000 0.000000 0.000000 0.019792 0.000000 0.000000 0.000000 0.000000 0.000000 0.850000 2.500000 2.900000 0.110000 0.000000 0.000000 0.000000 0.000000 0.000000 0.000000 0.000000 0.000000 0.000000 0.000000 0.000000 0.000000 0.000000 0.011000 0.000000 0.000000 0.000000
3.600000 0.204167 4.100000 2.100000 5.400000 0.182500 0.000000 2.300000 1.900000 1.200000 1.400000 2.500000 0.850000 1.800000 2.400000 1.000000 0.000000 0.000000 0.000000 0.060000 0.000000 0.000000 0.000000 0.000000 0.810000 0.000000 0.430000 0.000000 0.000000 0.000000 0.000000 0.000000 0.000000 0.000000 0.000000 0.000000 0.000000 1.100000 2.200000 2.400000 0.014327 0.000000 0.000000 0.000000 0.000000 0.000000 0.000000 0.000000 0.000000 0.000000 0.000000 0.000000 0.000000 0.000000 0.013000 0.000000 0.000000 0.000000
0.000000 0.000000 0.000000 0.000000 0.000000 0.000000 0.000000 0.068269 0.000000 0.000000 0.330000 0.063063 0.093284 0.000000 0.059554 0.021687 0.000000 0.000000 5.300000 0.000000 1.900000 1.500000 0.000000 0.000000 1.300000 1.200000 1.000000 2.400000 0.000000 0.490000 3.900000 0.000000 1.000000 0.820000 1.400000 0.000000 0.144000 1.200000 1.400000 1.300000 1.700000 0.110000 0.000000 0.000000 0.000000 0.000000 0.030000 0.000000 0.000000 0.000000 0.000000 0.000000 0.180000 0.150000 0.081000 0.000000 0.000000 0.000000
2.100000 2.300000 1.700000 1.800000 1.400000 1.300000 1.300000 5.900000 10.000000 3.300000 9.700000 6.700000 8.000000 5.800000 7.800000 5.000000 0.000000 2.700000 3.100000 1.800000 3.300000 3.300000 2.800000 0.483333 5.900000 2.200000 4.600000 4.200000 1.100000 2.000000 0.000000 1.900000 1.200000 1.100000 0.680000 1.100000 0.780000 5.500000 5.600000 5.700000 3.600000 0.580000 0.000000 0.360000 0.000000 0.000000 0.081000 0.061000 0.150000 0.038889 0.000000 0.130000 0.880000 1.100000 1.100000 0.000000 0.000000 0.000000
0.000000 0.000000 0.000000 0.000000 0.000000 0.000000 0.000000 0.000000 0.000000 0.000000 0.000000 0.000000 0.000000 0.000000 6.700000 0.000000 0.000000 0.000000 0.000000 0.000000 0.000000 0.000000 0.000000 0.000000 1.400000 0.000000 1.800000 3.400000 0.000000 0.000000 0.000000 0.000000 0.000000 0.000000 0.000000 0.000000 0.000000 0.010927 0.330000 0.200000 0.140000 0.000000 0.000000 0.000000 0.000000 0.000000 0.000000 0.000000 0.000000 0.000000 0.000000 0.000000 0.000000 0.000000 0.000000 0.000000 0.000000 0.000000
0.930000 0.920000 0.530000 0.560000 0.220000 0.670000 2.300000 6.200000 3.600000 2.900000 6.800000 3.400000 7.500000 2.600000 4.600000 6.700000 0.137500 7.000000 4.000000 2.400000 4.800000 4.000000 4.100000 1.600000 6.200000 3.800000 5.400000 5.600000 1.100000 2.500000 1.700000 1.600000 1.800000 1.700000 1.500000 0.071250 1.100000 6.000000 5.700000 5.700000 5.000000 0.880000 0.032857 0.100000 0.035625 0.670000 0.130000 0.170000 0.120000 0.290000 0.000000 0.330000 1.100000 1.300000 1.200000 0.000000 0.000000 0.000000
1.900000 1.400000 1.300000 0.930000 0.970000 1.700000 2.000000 5.000000 5.700000 3.300000 5.100000 5.500000 6.300000 3.600000 5.900000 5.900000 0.000000 1.400000 2.500000 1.100000 1.300000 1.400000 1.400000 0.000000 3.000000 0.940000 2.200000 1.600000 0.000000 0.750000 0.330000 0.460000 0.550000 0.490000 0.420000 0.000000 0.330000 2.700000 3.300000 3.300000 1.700000 0.160000 0.000000 0.000000 0.000000 0.068000 0.007400 0.009400 0.000000 0.032000 0.000000 0.000000 0.280000 0.320000 0.320000 0.000000 0.000000 0.000000
4.600000 4.200000 2.600000 2.500000 2.400000 3.600000 0.770000 11.000000 11.000000 5.700000 12.000000 11.000000 13.000000 11.000000 15.000000 11.000000 0.000000 1.800000 0.360000 1.200000 1.800000 1.800000 1.600000 0.470000 5.500000 2.100000 2.800000 2.000000 0.000000 1.500000 0.310000 0.930000 1.100000 0.840000 0.630000 0.000000 1.000000 5.800000 8.200000 8.200000 2.700000 0.310000 0.000000 0.011111 0.000000 0.000000 0.017000 0.033000 0.018000 0.000000 0.000000 0.088000 0.330000 0.510000 0.540000 0.000000 0.000000 0.000000
2.500000 1.600000 1.800000 1.200000 1.600000 2.300000 3.400000 9.900000 9.700000 6.800000 9.100000 9.400000 9.400000 8.800000 10.000000 7.600000 0.000000 1.200000 1.700000 1.000000 0.950000 1.300000 0.950000 0.490000 3.200000 0.580000 1.800000 1.100000 0.000000 0.180000 0.000000 0.500000 0.280000 0.095000 0.110000 0.000000 0.140000 2.600000 4.300000 4.000000 1.500000 0.084000 0.000000 0.000000 0.000000 0.000000 0.000000 0.002376 0.000000 0.000000 0.000000 0.000000 0.250000 0.280000 0.330000 0.000000 0.000000 0.000000
0.310000 0.075000 0.580000 0.050000 0.660000 0.710000 0.064286 3.200000 5.100000 1.900000 7.500000 4.500000 8.200000 3.700000 6.800000 7.600000 0.000000 0.090000 0.225000 0.410000 0.280000 0.440000 0.360000 0.000000 2.200000 0.970000 0.870000 0.540000 0.000000 0.023684 0.000000 0.800000 0.079000 0.043000 0.008955 0.000000 0.590000 2.100000 2.500000 2.200000 0.960000 0.016000 0.000000 0.000000 0.000000 0.000000 0.000000 0.000000 0.000000 0.000000 0.000000 0.000000 0.091000 0.095000 0.100000 0.000000 0.000000 0.000000
0.450000 0.420000 0.210000 0.130000 0.130000 0.360000 0.620000 4.400000 3.900000 2.200000 5.100000 2.800000 6.600000 2.900000 5.600000 6.900000 0.000000 3.000000 2.800000 1.400000 2.900000 3.000000 3.100000 1.800000 6.600000 2.500000 6.300000 5.300000 0.470000 1.900000 1.200000 0.870000 1.600000 1.400000 1.400000 0.310000 1.300000 7.200000 7.800000 8.200000 6.500000 1.400000 0.000000 0.220000 0.160000 0.130000 0.280000 0.260000 0.200000 0.220000 0.000000 0.180000 1.600000 2.100000 2.000000 0.000000 0.000000 0.000000
1.400000 0.730000 1.500000 1.100000 0.900000 1.300000 5.200000 7.200000 5.800000 5.800000 7.400000 5.000000 7.800000 3.800000 7.900000 5.800000 0.000000 0.880000 0.150000 1.400000 0.880000 1.100000 1.200000 0.000000 3.000000 1.200000 1.700000 1.200000 0.170000 1.000000 0.031579 0.420000 0.310000 0.210000 0.210000 0.000000 0.440000 3.100000 3.700000 3.500000 1.600000 0.085000 0.000000 0.000000 0.000000 0.000000 0.005100 0.026000 0.003571 0.000000 0.000000 0.087000 0.200000 0.270000 0.300000 0.000000 0.000000 0.000000
0.224138 0.541667 0.000000 0.000000 0.000000 0.000000 0.000000 2.700000 1.600000 0.142857 2.200000 1.700000 4.000000 0.000000 2.600000 2.400000 0.000000 0.000000 0.000000 0.000000 2.300000 3.700000 0.260417 0.000000 5.300000 9.100000 4.000000 5.600000 0.000000 4.500000 0.000000 0.000000 2.200000 0.000000 0.000000 0.000000 0.000000 2.900000 2.800000 3.900000 1.900000 0.430000 0.000000 0.000000 0.000000 0.000000 0.140000 0.280000 0.000000 0.000000 0.000000 0.000000 0.680000 0.870000 0.880000 0.000000 0.000000 0.000000
0.000000 0.000000 0.000000 0.000000 0.000000 0.000000 0.000000 2.100000 1.700000 1.700000 2.100000 2.300000 2.100000 0.810000 2.600000 2.600000 0.000000 1.315789 40.000000 0.000000 6.900000 5.600000 9.300000 17.000000 6.700000 1.900000 6.400000 8.800000 0.000000 3.200000 0.000000 1.500000 2.400000 2.000000 1.200000 0.625000 5.800000 5.400000 5.500000 4.500000 6.700000 1.000000 0.000000 0.000000 0.000000 0.000000 0.014000 0.100000 0.014881 0.000000 0.000000 0.000000 1.800000 2.600000 1.200000 0.000000 0.000000 0.000000
0.000000 0.000000 0.000000 0.000000 0.000000 0.000000 0.000000 0.000000 0.000000 0.000000 0.000000 0.000000 0.000000 0.000000 0.130000 0.000000 0.000000 0.000000 0.000000 0.000000 0.000000 0.000000 0.000000 0.000000 1.300000 0.000000 3.600000 5.100000 0.000000 0.000000 0.000000 0.000000 0.000000 0.000000 0.000000 0.000000 0.000000 0.165563 2.000000 2.400000 0.360000 0.000000 0.000000 0.000000 0.000000 0.000000 0.000000 0.000000 0.000000 0.000000 0.000000 0.000000 0.000000 0.000000 0.000000 0.000000 0.000000 0.000000
0.000000 0.000000 0.000000 0.000000 0.048077 0.000000 0.870000 1.300000 3.700000 1.400000 2.400000 1.900000 2.200000 1.200000 3.000000 1.800000 0.000000 6.700000 14.000000 4.000000 10.000000 8.100000 8.000000 0.000000 9.100000 6.000000 8.300000 11.000000 1.300000 1.800000 1.300000 2.700000 3.200000 3.500000 3.100000 0.000000 0.000000 8.000000 7.600000 8.500000 7.800000 2.200000 0.035714 0.970000 0.156250 0.000000 0.800000 1.300000 1.400000 0.120000 0.000000 0.330000 2.800000 3.200000 2.600000 0.000000 0.000000 0.000000
0.140000 0.000000 0.095000 0.000000 0.000000 0.000000 0.540000 1.200000 1.200000 0.680000 1.400000 0.980000 1.100000 0.970000 1.700000 0.880000 0.102500 5.200000 7.000000 6.100000 6.200000 7.400000 9.200000 5.600000 6.300000 5.800000 7.400000 8.400000 0.250000 3.800000 4.500000 2.100000 2.100000 2.700000 2.600000 1.100000 2.000000 6.300000 5.600000 5.800000 6.000000 1.500000 0.370000 0.290000 0.000000 0.080645 0.160000 0.270000 0.300000 0.320000 0.048235 0.230000 1.900000 2.600000 2.200000 0.000000 0.000000 0.000000
1.900000 1.000000 1.800000 1.900000 1.400000 1.400000 0.030357 2.900000 2.400000 1.500000 2.400000 3.300000 2.300000 1.600000 3.400000 2.200000 0.000000 11.000000 0.950000 5.000000 5.900000 3.400000 5.500000 4.400000 6.300000 4.900000 6.200000 7.700000 0.100000 3.100000 1.800000 1.700000 2.000000 1.900000 1.400000 1.400000 1.100000 5.400000 5.700000 5.600000 5.900000 0.890000 0.000000 0.150000 0.053125 0.000000 0.025000 0.057000 0.026000 0.000000 0.000000 0.000000 1.200000 1.600000 1.300000 0.000000 0.000000 0.000000
0.036207 0.000000 0.000000 0.000000 0.000000 0.024390 0.370000 1.600000 1.500000 1.000000 1.300000 0.750000 0.950000 0.540000 1.300000 0.600000 2.300000 12.000000 0.525000 5.800000 6.700000 5.500000 5.700000 10.000000 6.700000 4.900000 6.700000 7.400000 0.900000 2.500000 0.052632 2.100000 2.300000 1.700000 2.100000 1.400000 3.200000 5.800000 4.500000 4.300000 5.200000 1.000000 0.000000 0.000000 0.062500 0.100000 0.002900 0.089000 0.002976 0.010606 0.000000 0.046269 1.700000 2.500000 1.900000 0.000000 0.000000 0.000000
0.000000 0.000000 0.000000 0.000000 0.000000 0.000000 0.000000 0.163462 2.300000 0.810000 0.037281 0.000000 0.490000 0.000000 0.590000 0.000000 0.000000 17.000000 100.000000 7.700000 0.000000 18.000000 6.700000 0.000000 6.600000 5.000000 8.800000 9.800000 0.000000 0.000000 0.000000 0.000000 2.800000 1.800000 0.850000 0.000000 9.100000 3.500000 4.100000 3.400000 3.300000 0.860000 0.000000 0.000000 0.000000 0.548387 0.000000 0.320000 0.000000 0.000000 0.000000 0.000000 1.200000 1.500000 0.930000 0.000000 0.000000 0.000000
0.000000 0.000000 0.000000 0.005100 0.000000 0.000000 0.000000 0.350000 0.210000 0.220000 0.330000 0.260000 0.240000 0.062000 0.580000 0.210000 0.570000 3.600000 7.100000 1.900000 4.200000 4.200000 7.100000 2.700000 7.600000 5.600000 6.400000 6.500000 1.100000 3.400000 2.200000 1.900000 3.300000 3.400000 2.900000 0.990000 2.900000 11.000000 11.000000 11.000000 11.000000 3.200000 0.230000 0.650000 0.450000 0.340000 0.810000 0.630000 0.570000 0.530000 0.044000 0.630000 3.100000 4.400000 4.000000 0.000000 0.000000 0.000000
0.290000 0.000000 0.000000 0.000000 0.000000 0.000000 0.000000 1.400000 1.700000 0.950000 0.940000 0.890000 0.780000 0.650000 1.300000 0.840000 0.000000 3.800000 13.000000 5.200000 8.600000 8.100000 9.300000 5.000000 6.400000 5.600000 7.500000 7.200000 0.000000 2.500000 0.000000 2.500000 1.400000 1.300000 0.900000 0.000000 1.300000 3.700000 4.100000 4.000000 4.300000 0.710000 0.000000 0.000000 0.000000 0.000000 0.000000 0.000000 0.000000 0.000000 0.000000 0.250000 1.400000 2.100000 1.400000 0.000000 0.000000 0.000000
0.000000 0.000000 0.000000 0.000000 0.000000 0.000000 0.000000 0.240000 0.100000 0.170000 0.230000 0.160000 0.200000 0.031000 0.350000 0.150000 0.710000 2.600000 3.600000 1.300000 3.400000 3.600000 4.000000 3.100000 6.900000 3.000000 5.200000 6.100000 0.920000 3.200000 2.500000 1.600000 2.800000 2.900000 2.500000 1.300000 3.000000 9.700000 9.200000 9.300000 8.700000 2.200000 0.000000 0.230000 0.051250 0.250000 0.190000 0.240000 0.160000 0.150000 0.054000 0.240000 2.200000 3.200000 2.800000 0.000000 0.000000 0.000000
0.083000 0.030833 0.005385 0.010278 0.009423 0.057000 0.180000 1.200000 0.730000 0.380000 0.880000 0.920000 0.820000 0.250000 0.960000 0.590000 0.000000 5.500000 2.900000 1.900000 2.600000 3.400000 3.000000 0.810000 6.200000 1.900000 5.200000 5.100000 0.460000 2.300000 1.300000 1.000000 1.900000 1.900000 1.900000 0.061250 2.000000 8.700000 8.400000 8.500000 7.400000 1.500000 0.000000 0.044000 0.030625 0.076000 0.018000 0.075000 0.007500 0.062000 0.000000 0.190000 1.500000 2.500000 2.300000 0.000000 0.000000 0.000000
0.000000 0.000000 0.000000 0.000000 0.000000 0.000000 0.000000 0.000000 0.000000 0.000000 0.120000 0.610000 0.100000 0.000000 0.370000 0.330000 0.000000 0.000000 0.000000 0.000000 0.760000 0.240000 1.500000 3.000000 1.100000 1.000000 0.840000 0.760000 0.000000 0.038158 0.310526 0.000000 3.200000 4.300000 3.700000 0.000000 6.700000 8.800000 5.200000 5.700000 6.600000 0.860000 0.000000 0.000000 0.000000 0.000000 0.310000 0.370000 0.350000 0.000000 0.000000 0.000000 0.820000 0.890000 0.930000 0.000000 0.000000 0.000000
0.000000 0.000000 0.000000 0.036111 0.230000 0.031707 0.000000 0.880000 0.210000 0.230000 0.780000 0.620000 0.460000 0.023214 0.590000 0.230000 0.162500 3.800000 1.500000 1.200000 3.000000 2.000000 3.700000 2.200000 2.900000 1.800000 2.400000 2.700000 2.000000 3.900000 7.700000 2.000000 3.500000 4.400000 4.400000 0.162500 0.480000 7.500000 4.700000 4.300000 4.600000 1.800000 0.018571 0.740000 0.162500 0.430000 0.320000 0.650000 0.360000 0.370000 0.860000 0.200000 1.800000 2.400000 2.300000 0.000000 0.000000 0.000000
0.000000 0.000000 0.000000 0.000000 0.000000 0.000000 0.000000 0.000000 0.000000 0.000000 0.000000 0.000000 0.000000 0.000000 0.000000 0.000000 0.000000 0.000000 0.000000 0.000000 0.000000 0.000000 0.000000 0.000000 0.550000 0.000000 0.600000 1.000000 0.000000 0.000000 0.000000 0.000000 0.000000 0.000000 0.000000 0.000000 0.000000 0.000000 16.000000 13.000000 0.438596 0.000000 0.000000 0.000000 0.000000 0.000000 0.088000 0.000000 0.000000 0.000000 0.000000 0.000000 0.150000 0.011111 0.058000 0.000000 0.000000 0.000000
0.000000 0.000000 0.010989 0.000000 0.000000 0.000000 0.000000 0.350000 0.000000 0.110000 0.130000 0.230000 0.110000 0.000000 0.250000 0.060000 0.000000 2.000000 0.000000 0.000000 1.200000 0.780000 1.200000 0.000000 0.930000 0.840000 0.640000 0.990000 1.900000 2.000000 2.200000 0.320000 1.700000 2.900000 3.600000 0.000000 1.600000 2.700000 2.600000 3.100000 3.500000 1.500000 0.290000 0.720000 0.540000 0.000000 0.400000 0.710000 0.360000 0.290000 0.000000 0.140000 1.200000 1.400000 1.600000 0.000000 0.000000 0.000000
0.041379 0.000000 0.000000 0.000000 0.000000 0.000000 0.000000 0.450000 0.150000 0.190000 0.210000 0.230000 0.170000 0.025000 0.230000 0.260000 1.600000 2.000000 1.300000 0.960000 1.700000 2.300000 2.000000 3.500000 2.400000 2.600000 1.900000 2.300000 0.000000 6.000000 0.000000 0.000000 4.700000 5.600000 7.000000 0.000000 5.800000 7.600000 6.400000 7.800000 7.900000 2.500000 0.000000 0.760000 0.810000 0.000000 0.450000 0.000000 0.000000 0.000000 0.270000 0.000000 1.900000 2.800000 2.900000 0.000000 0.000000 0.000000
0.790000 0.262500 0.260000 0.320000 0.190000 0.120000 0.180000 1.400000 0.800000 0.530000 1.100000 1.700000 1.200000 0.430000 1.200000 1.000000 0.670000 3.600000 3.100000 2.200000 3.500000 3.500000 3.600000 3.500000 4.000000 2.700000 3.500000 4.200000 1.700000 4.400000 4.400000 2.600000 4.400000 3.800000 3.700000 4.700000 4.000000 7.500000 8.300000 9.000000 7.500000 1.500000 0.039000 0.320000 0.150000 0.250000 0.120000 0.260000 0.170000 0.260000 0.000000 0.430000 1.600000 2.200000 2.000000 0.000000 0.000000 0.000000
0.000000 0.000000 0.000000 0.000000 0.000000 0.000000 0.000000 0.000000 0.000000 0.000000 0.000000 0.000000 0.070000 0.000000 0.000000 0.030000 2.400000 2.000000 4.300000 1.200000 1.900000 2.500000 2.900000 0.000000 2.000000 0.990000 1.800000 1.600000 0.000000 0.000000 0.000000 4.800000 0.000000 0.000000 0.000000 0.000000 6.500000 0.000000 7.900000 8.400000 8.100000 0.000000 0.000000 0.520000 0.000000 0.000000 0.280000 0.000000 0.000000 0.000000 0.000000 0.000000 1.800000 2.500000 2.600000 0.000000 0.000000 0.000000
0.000000 0.000000 0.000000 0.000000 0.000000 0.000000 0.000000 1.100000 0.000000 0.000000 0.000000 0.000000 0.000000 0.000000 0.000000 0.000000 0.000000 0.650000 0.000000 0.000000 0.000000 0.110169 1.400000 0.000000 0.590000 0.000000 0.000000 0.000000 17.000000 0.500000 0.000000 4.800000 7.300000 3.100000 4.500000 0.000000 0.000000 11.000000 9.000000 10.000000 9.200000 1.400000 1.700000 0.000000 0.000000 0.419355 0.320000 0.000000 1.200000 0.000000 0.000000 0.000000 0.750000 1.300000 1.500000 0.000000 0.000000 0.000000
0.000000 0.000000 0.000000 0.000000 0.000000 0.000000 0.000000 0.000000 0.630000 0.000000 0.000000 0.000000 0.280000 0.000000 0.000000 0.048193 0.000000 0.000000 0.500000 4.000000 3.700000 1.400000 2.500000 0.000000 2.600000 3.700000 2.000000 3.200000 0.000000 0.000000 0.000000 6.600000 0.000000 0.000000 0.000000 0.000000 9.100000 0.000000 8.200000 8.000000 6.700000 0.000000 0.000000 0.690000 0.000000 0.000000 0.150000 0.000000 0.000000 0.000000 0.000000 0.000000 2.000000 2.700000 2.900000 0.000000 0.000000 0.000000
0.005690 0.000000 0.007253 0.000000 0.006346 0.000000 0.000000 0.030000 0.052000 0.017143 0.076000 0.038000 0.057000 0.017679 0.110000 0.031928 0.000000 2.300000 0.400000 0.310000 1.200000 0.860000 0.990000 0.500000 1.900000 0.770000 1.400000 1.500000 7.800000 7.300000 5.200000 4.100000 5.700000 7.400000 8.100000 0.250000 4.700000 12.000000 13.000000 15.000000 13.000000 5.000000 0.780000 1.000000 2.000000 0.490000 1.600000 1.500000 1.200000 1.100000 0.620000 0.960000 4.500000 5.100000 5.700000 0.000000 0.000000 0.000000
0.001431 0.007083 0.001319 0.004583 0.000000 0.006098 0.000000 0.062000 0.033000 0.021000 0.030000 0.026000 0.037000 0.006900 0.073000 0.032000 0.000000 0.960000 0.370000 0.210000 0.690000 0.610000 0.450000 0.250000 1.100000 0.350000 0.720000 0.940000 1.700000 3.200000 3.500000 2.000000 3.200000 4.500000 6.200000 0.530000 5.400000 7.400000 6.300000 6.900000 5.600000 4.700000 0.590000 1.900000 1.300000 0.860000 1.800000 1.500000 1.400000 1.300000 0.420000 1.300000 4.500000 4.700000 5.300000 0.000000 0.000000 0.000000
0.005172 0.002083 0.002198 0.000694 0.002885 0.002439 0.000000 0.065000 0.016000 0.028000 0.044000 0.035000 0.044000 0.008300 0.097000 0.030000 0.000000 1.400000 0.870000 0.190000 0.850000 0.930000 0.560000 0.220000 1.500000 0.580000 1.100000 1.300000 2.100000 4.000000 5.600000 2.700000 4.200000 5.200000 7.500000 1.000000 5.500000 9.500000 8.200000 8.800000 7.800000 4.600000 0.470000 1.400000 0.930000 0.730000 1.600000 1.300000 1.200000 1.200000 0.240000 1.200000 4.400000 4.800000 5.200000 0.000000 0.000000 0.000000
0.025862 0.036667 0.067000 0.000000 0.000000 0.067000 0.000000 0.160000 0.042623 0.016000 0.093000 0.093000 0.083000 0.048000 0.140000 0.052000 0.000000 1.900000 0.720000 0.270000 1.200000 1.200000 1.100000 0.820000 1.900000 0.920000 1.400000 1.600000 2.500000 7.000000 5.700000 2.500000 6.300000 7.900000 5.300000 1.500000 5.500000 16.000000 12.000000 13.000000 10.000000 4.800000 0.300000 1.400000 1.000000 0.520000 1.600000 1.500000 1.100000 1.300000 0.190000 1.100000 4.300000 4.900000 5.400000 0.000000 0.000000 0.000000
0.005300 0.000000 0.000000 0.000000 0.000000 0.000000 0.000000 0.000000 0.005000 0.000000 0.000000 0.000000 0.032000 0.005200 0.000000 0.020000 0.000000 0.240000 0.040000 0.046000 0.190000 0.250000 0.140000 0.180000 0.420000 0.120000 0.350000 0.370000 0.000000 0.820000 0.750000 0.340000 0.640000 0.830000 0.720000 0.039000 0.510000 2.200000 2.100000 2.100000 1.800000 10.000000 3.500000 8.300000 7.100000 3.500000 11.000000 5.400000 7.500000 6.200000 1.800000 0.000000 7.200000 8.100000 11.000000 0.000000 0.000000 0.000000
0.000000 0.000000 0.000000 0.000000 0.000000 0.000000 0.000000 0.000000 0.000000 0.000000 0.000000 0.000000 0.000000 0.000000 0.000000 0.000000 0.000000 0.000000 0.000000 0.000000 0.500000 0.550000 0.920000 0.000000 0.460000 0.000000 0.630000 0.560000 0.000000 1.800000 1.900000 0.740000 0.960000 1.500000 0.600000 0.000000 2.300000 1.900000 2.100000 2.200000 2.600000 6.500000 0.000000 8.700000 0.356250 0.000000 5.700000 4.400000 6.100000 7.300000 0.000000 3.800000 7.900000 6.800000 6.300000 0.000000 0.000000 0.000000
0.000000 0.000000 0.000000 0.000000 0.000000 0.000000 0.000000 0.000000 0.000000 0.000000 0.000000 0.000000 0.000000 0.000000 0.006100 0.000000 0.000000 0.280000 0.000000 0.000000 0.000000 0.161017 0.135417 0.000000 0.000000 0.031667 0.000000 0.000000 0.000000 0.000000 4.200000 0.000000 2.500000 3.600000 0.000000 0.000000 2.100000 3.200000 0.000000 3.000000 3.100000 8.800000 0.000000 0.000000 17.000000 0.000000 3.000000 5.800000 3.300000 2.600000 0.111765 3.800000 10.000000 8.300000 9.500000 0.000000 0.000000 0.000000
0.000000 0.000000 0.000000 0.000000 0.000000 0.000000 0.000000 0.000000 0.000000 0.000000 0.000000 0.000000 0.000000 0.000000 0.000000 0.000000 0.000000 0.000000 0.000000 0.000000 0.000000 0.000000 0.000000 0.000000 0.000000 0.000000 0.000000 0.000000 0.000000 0.000000 0.000000 0.000000 0.000000 0.000000 0.000000 0.000000 0.000000 0.000000 1.500000 0.980000 0.055556 1.700000 0.000000 0.000000 0.000000 0.000000 2.800000 0.000000 0.000000 0.000000 0.000000 0.000000 1.800000 2.200000 1.900000 0.000000 0.000000 0.000000
0.000000 0.000000 0.000000 0.000000 0.000000 0.000000 0.000000 0.000000 0.000000 0.000000 0.000000 0.000000 0.024254 0.000000 0.000000 0.190000 0.000000 0.000000 0.000000 0.000000 0.260000 0.000000 0.330000 0.000000 0.320000 0.053333 0.310000 0.230000 0.000000 0.042105 0.000000 0.000000 0.740000 0.330000 0.000000 0.000000 0.000000 0.290000 0.570000 0.610000 0.790000 1.000000 0.000000 0.000000 0.000000 0.000000 0.850000 0.097192 1.300000 0.000000 0.000000 0.000000 1.000000 0.710000 1.800000 0.000000 0.000000 0.000000
0.000000 0.000000 0.000319 0.000000 0.000000 0.000000 0.000000 0.000000 0.001967 0.000000 0.001800 0.000000 0.001000 0.000000 0.003900 0.001700 0.000000 0.014000 0.003625 0.014000 0.023000 0.017000 0.005700 0.000000 0.039000 0.015000 0.023000 0.050000 0.000000 0.200000 0.440000 0.120000 0.290000 0.450000 0.380000 0.110000 0.250000 0.810000 0.780000 0.690000 0.560000 8.800000 0.000000 8.000000 5.200000 0.000000 8.900000 5.200000 6.800000 5.900000 1.800000 3.700000 7.300000 7.500000 9.700000 0.000000 0.000000 0.000000
0.000000 0.000000 0.000000 0.000000 0.000000 0.000000 0.000000 0.000000 0.010656 0.012000 0.000000 0.000000 0.032000 0.000000 0.000000 0.013000 0.280000 0.210000 0.760000 0.330000 0.380000 0.260000 0.270000 0.108333 0.270000 0.190000 0.200000 0.290000 0.000000 1.200000 3.100000 0.970000 1.400000 1.600000 1.400000 0.000000 0.770000 1.700000 1.700000 1.800000 1.600000 7.900000 0.000000 5.500000 7.300000 1.300000 5.700000 5.600000 6.400000 5.000000 4.500000 6.800000 7.400000 7.600000 7.500000 0.000000 0.000000 0.000000
0.830000 0.370000 0.450000 0.340000 0.400000 0.550000 0.021429 0.000000 0.930000 0.530000 0.000000 0.000000 1.300000 0.460000 0.000000 1.100000 0.000000 2.000000 3.700000 1.100000 1.400000 1.900000 1.700000 0.870000 2.100000 1.400000 1.900000 1.900000 1.100000 2.700000 2.500000 1.400000 2.000000 2.400000 1.900000 0.000000 1.700000 3.900000 3.700000 4.100000 3.100000 6.600000 1.300000 5.900000 2.400000 3.900000 5.000000 5.900000 5.100000 6.600000 1.100000 4.200000 6.600000 6.300000 6.500000 0.000000 0.000000 0.000000
0.000000 0.000000 0.000000 0.000000 0.000000 0.000000 0.000000 0.000000 0.000000 0.000000 0.000000 0.000000 0.000000 0.000000 0.000000 0.000000 0.000000 0.000000 0.000000 0.000000 0.000000 0.012712 0.000000 0.000000 0.000000 0.000000 0.000000 0.000000 0.000000 0.000000 0.000000 0.000000 0.000000 0.000000 0.000000 0.000000 0.000000 0.940000 0.000000 0.790000 0.560000 0.000000 0.000000 0.000000 0.000000 0.000000 6.500000 0.000000 0.000000 0.000000 0.000000 0.000000 7.900000 7.800000 7.500000 0.000000 0.000000 0.000000
0.000000 0.000000 0.000000 0.000000 0.000000 0.000000 0.000000 0.000000 0.000000 0.000000 0.000000 0.000000 0.000000 0.000000 0.000000 0.000000 0.000000 0.000000 0.000000 0.000000 0.000000 0.000000 0.000000 0.000000 0.000000 0.000000 0.000000 0.000000 0.000000 0.000000 3.100000 0.000000 0.800000 1.200000 1.100000 0.000000 3.800000 0.820000 0.420000 0.650000 0.190000 18.000000 0.000000 17.000000 0.750000 0.000000 18.000000 14.000000 23.000000 14.000000 0.000000 0.000000 11.000000 14.000000 15.000000 0.000000 0.000000 0.000000
0.000000 0.000000 0.000000 0.000000 0.000000 0.000000 0.000000 0.000000 0.000000 0.000000 0.000000 0.000000 0.000000 0.000000 0.000000 0.000000 0.000000 0.000000 0.000000 0.000000 0.000000 0.012712 0.000000 0.000000 0.000000 0.000000 0.000000 0.000000 0.840000 0.390000 1.600000 0.410000 0.650000 1.300000 0.710000 0.000000 0.000000 0.570000 0.620000 0.730000 0.610000 10.000000 9.400000 5.800000 20.000000 15.000000 9.000000 7.700000 12.000000 7.200000 13.000000 4.500000 8.400000 9.800000 11.000000 0.000000 0.000000 0.000000
0.000000 0.000000 0.000000 0.000000 0.000000 0.000000 0.000000 0.000000 0.009700 0.000000 0.000000 0.000000 0.024000 0.000000 0.000000 0.014000 0.000000 0.059000 0.075000 0.015000 0.110000 0.120000 0.150000 0.020000 0.260000 0.083000 0.190000 0.250000 0.000000 0.000000 0.000000 0.300000 0.000000 0.000000 0.000000 0.000000 0.000000 0.000000 1.700000 1.700000 1.600000 0.000000 0.000000 0.000000 0.000000 0.000000 11.000000 0.000000 8.200000 0.000000 0.000000 0.000000 7.100000 7.000000 13.000000 0.000000 0.000000 0.000000
0.000000 0.000000 0.000000 0.000000 0.000000 0.000000 0.000000 0.000000 0.033000 0.000000 0.000000 0.000000 0.057000 0.000000 0.000000 0.054000 0.000000 0.130000 0.043750 0.051000 0.290000 0.260000 0.160000 0.000000 0.460000 0.240000 0.420000 0.450000 0.000000 0.000000 0.000000 0.310000 0.000000 0.000000 0.000000 0.000000 0.000000 0.000000 1.800000 1.800000 1.400000 0.000000 0.000000 0.000000 0.000000 0.000000 11.000000 0.000000 0.000000 0.000000 0.000000 0.000000 5.500000 5.500000 11.000000 0.000000 0.000000 0.000000
0.000000 0.000000 0.000000 0.000000 0.000000 0.000000 0.000000 0.000000 0.009100 0.000000 0.000000 0.000000 0.018000 0.000000 0.000000 0.003400 0.000000 0.027000 0.290000 0.028000 0.060000 0.160000 0.130000 0.000000 0.290000 0.089000 0.230000 0.270000 0.000000 0.550000 0.500000 0.280000 0.540000 0.790000 0.710000 0.071000 0.490000 1.700000 1.600000 1.600000 1.400000 13.000000 4.000000 11.000000 8.600000 3.700000 13.000000 7.100000 9.300000 7.800000 1.900000 5.800000 9.100000 10.000000 13.000000 0.000000 0.000000 0.000000
0.000000 0.000000 0.000000 0.000000 0.000000 0.000000 0.000000 0.000000 0.000000 0.000000 0.000000 0.000000 0.000000 0.000000 0.000000 0.000000 0.000000 0.000000 0.000000 0.000000 0.000000 0.000000 0.000000 0.000000 0.000000 0.000000 0.000000 0.000000 0.000000 0.000000 0.000000 0.000000 0.000000 0.000000 0.000000 0.000000 0.000000 0.000000 0.000000 0.000000 0.000000 0.000000 0.000000 0.000000 0.000000 0.000000 0.000000 0.000000 0.000000 0.000000 0.000000 0.000000 0.000000 0.000000 0.000000 0.000000 0.000000 0.000000
0.000000 0.000000 0.000000 0.000000 0.000000 0.000000 0.000000 0.000000 0.000000 0.000000 0.000000 0.000000 0.000000 0.000000 0.000000 0.000000 0.000000 0.000000 0.000000 0.000000 0.000000 0.000000 0.000000 0.000000 0.000000 0.000000 0.000000 0.000000 0.000000 0.000000 0.000000 0.000000 0.000000 0.000000 0.000000 0.000000 0.000000 0.000000 0.000000 0.000000 0.000000 0.000000 0.000000 0.000000 0.000000 0.000000 0.000000 0.000000 0.000000 0.000000 0.000000 0.000000 0.000000 0.000000 0.000000 0.000000 0.000000 0.000000
0.000000 0.000000 0.000000 0.000000 0.000000 0.000000 0.000000 0.000000 0.000000 0.000000 0.000000 0.000000 0.000000 0.000000 0.000000 0.000000 0.000000 0.000000 0.000000 0.000000 0.000000 0.000000 0.000000 0.000000 0.000000 0.000000 0.000000 0.000000 0.000000 0.000000 0.000000 0.000000 0.000000 0.000000 0.000000 0.000000 0.000000 0.000000 0.000000 0.000000 0.000000 0.000000 0.000000 0.000000 0.000000 0.000000 0.000000 0.000000 0.000000 0.000000 0.000000 0.000000 0.000000 0.000000 0.000000 0.000000 0.000000 0.000000
