0 0 1 50 50 50
0 1 1 50 50 50
0 2 1 50 50 50
0 3 1 50 50 50
0 5 1 50 50 50
0 6 1 50 50 50
0 7 1 50 50 50
0 8 1 50 50 50
0 9 1 50 50 50
0 10 1 50 50 50
0 11 1 50 50 50
0 12 1 50 50 50
0 13 1 50 50 50
0 14 1 50 50 50
0 15 1 50 50 50
0 16 1 50 50 50
0 17 1 50 50 50
0 18 1 50 50 50
0 19 1 50 50 50
0 20 1 50 50 50
0 21 1 50 50 50
0 23 1 50 50 50
0 24 1 50 50 50
0 25 1 50 50 50
0 27 1 50 50 50
0 28 1 50 50 50
0 29 1 50 50 50
0 31 1 50 50 50
0 38 1 50 50 50
0 41 1 50 50 50
1 0 1 50 50 50
1 1 1 50 50 50
1 2 1 50 50 50
1 3 1 50 50 50
1 4 1 50 50 50
1 5 1 50 50 50
1 6 1 50 50 50
1 7 1 50 50 50
1 8 1 50 50 50
1 9 1 50 50 50
1 10 1 50 50 50
1 11 1 50 50 50
1 12 1 50 50 50
1 13 1 50 50 50
1 14 1 50 50 50
1 15 1 50 50 50
1 17 1 50 50 50
1 20 1 50 50 50
1 21 1 50 50 50
1 28 1 50 50 50
1 29 1 50 50 50
1 31 1 50 50 50
1 34 1 50 50 50
2 0 1 50 50 50
2 1 1 50 50 50
2 3 1 50 50 50
2 4 1 50 50 50
2 5 1 50 50 50
2 8 1 50 50 50
2 9 1 50 50 50
2 10 1 50 50 50
2 11 1 50 50 50
2 12 1 50 50 50
2 13 1 50 50 50
2 15 1 50 50 50
2 21 1 50 50 50
2 28 1 50 50 50
2 29 1 50 50 50
2 31 1 50 50 50
3 0 1 50 50 50
3 1 1 50 50 50
3 2 1 50 50 50
3 3 1 50 50 50
3 4 1 50 50 50
3 5 1 50 50 50
3 6 1 50 50 50
3 7 1 50 50 50
3 8 1 50 50 50
3 9 1 50 50 50
3 10 1 50 50 50
3 11 1 50 50 50
3 12 1 50 50 50
3 13 1 50 50 50
3 14 1 50 50 50
3 15 1 50 50 50
3 17 1 50 50 50
3 21 1 50 50 50
3 28 1 50 50 50
3 29 1 50 50 50
3 31 1 50 50 50
3 33 1 50 50 50
4 0 1 50 50 50
4 1 1 50 50 50
4 3 1 50 50 50
4 5 1 50 50 50
4 7 1 50 50 50
4 8 1 50 50 50
4 9 1 50 50 50
4 12 1 50 50 50
4 13 1 50 50 50
4 15 1 50 50 50
4 17 1 50 50 50
4 28 1 50 50 50
4 29 1 50 50 50
4 31 1 50 50 50
4 34 1 50 50 50
5 0 1 50 50 50
5 1 1 50 50 50
5 4 1 50 50 50
5 5 1 50 50 50
5 7 1 50 50 50
5 8 1 50 50 50
5 12 1 50 50 50
5 13 1 50 50 50
5 15 1 50 50 50
5 29 1 50 50 50
5 31 1 50 50 50
6 0 117 50 50 50
6 1 117 50 50 50
6 2 117 50 50 50
6 3 117 50 50 50
6 4 117 50 50 50
6 5 117 50 50 50
6 6 119 50 50 50
6 7 133 50 50 50
6 8 117 114 50 50        
6 9 117 114 50 50        
6 10 117 114 50 50       
6 11 117 50 50 50
6 12 115 134 50 50       
6 13 115 134 50 50       
6 14 118 50 50 50
6 15 118 50 50 50
6 16 116 50 50 50
6 17 116 50 50 50
6 18 116 50 50 50
6 19 133 50 50 50
6 20 117 114 50 50       
6 21 117 114 50 50       
6 23 117 50 50 50
6 24 115 134 50 50       
6 25 115 134 50 50       
6 26 118 50 50 50
6 27 118 50 50 50
6 28 116 50 50 50
6 29 116 50 50 50
6 30 116 50 50 50
6 31 116 50 50 50
6 32 133 50 50 50
6 33 117 114 50 50       
6 34 117 114 50 50       
6 35 117 114 50 50       
6 36 117 50 50 50
6 37 115 134 50 50       
6 38 115 134 50 50       
6 39 118 50 50 50
6 40 118 50 50 50
6 41 116 50 50 50
6 42 116 50 50 50
6 43 116 50 50 50
6 44 116 50 50 50
6 45 116 50 50 50
6 46 133 50 50 50
6 47 117 114 50 50       
6 48 117 114 50 50       
6 51 115 134 50 50       
6 52 115 134 50 50       
6 53 118 50 50 50
6 54 118 50 50 50
7 0 1 50 50 50
7 1 1 50 50 50
7 2 1 50 50 50
7 3 1 50 50 50
7 4 1 50 50 50
7 5 1 50 50 50
7 6 9 50 50 50
7 7 1 50 50 50
7 8 1 50 50 50
7 9 1 50 50 50
7 10 1 50 50 50
7 11 1 50 50 50
7 12 1 50 50 50
7 13 1 50 50 50
7 14 1 50 50 50
7 15 1 50 50 50
7 16 9 50 50 50
7 17 9 50 50 50
7 18 9 50 50 50
7 19 1 50 50 50
7 20 1 50 50 50
7 21 1 50 50 50
7 23 1 50 50 50
7 24 1 50 50 50
7 25 1 50 50 50
7 26 1 50 50 50
7 27 1 50 50 50
7 28 9 50 50 50
7 29 9 50 50 50
7 30 9 50 50 50
7 31 9 50 50 50
7 32 1 50 50 50
7 33 1 50 50 50
7 34 1 50 50 50
7 37 1 50 50 50
7 38 1 50 50 50
7 39 1 50 50 50
7 40 1 50 50 50
7 41 9 50 50 50
7 42 9 50 50 50
7 43 9 50 50 50
7 45 9 50 50 50
7 46 1 50 50 50
7 48 1 50 50 50
7 52 1 50 50 50
7 53 1 50 50 50
8 0 1 50 50 50
8 1 1 50 50 50
8 2 1 50 50 50
8 3 1 50 50 50
8 5 1 50 50 50
8 6 8 50 50 50
8 7 1 50 50 50
8 8 1 50 50 50
8 9 1 50 50 50
8 10 1 50 50 50
8 11 1 50 50 50
8 12 1 50 50 50
8 13 1 50 50 50
8 14 1 50 50 50
8 15 1 50 50 50
8 16 8 50 50 50
8 17 8 50 50 50
8 18 8 50 50 50
8 19 1 50 50 50
8 20 1 50 50 50
8 21 1 50 50 50
8 22 1 50 50 50
8 23 1 50 50 50
8 24 1 50 50 50
8 25 1 50 50 50
8 26 1 50 50 50
8 27 1 50 50 50
8 28 8 50 50 50
8 29 8 50 50 50
8 30 8 50 50 50
8 31 8 50 50 50
8 32 1 50 50 50
8 33 1 50 50 50
8 34 1 50 50 50
8 35 1 50 50 50
8 37 1 50 50 50
8 38 1 50 50 50
8 39 1 50 50 50
8 40 1 50 50 50
8 41 8 50 50 50
8 42 8 50 50 50
8 43 8 50 50 50
8 44 8 50 50 50
8 45 8 50 50 50
8 46 1 50 50 50
8 47 1 50 50 50
8 48 1 50 50 50
8 49 1 50 50 50
8 51 1 50 50 50
8 52 1 50 50 50
8 53 1 50 50 50
8 54 1 50 50 50
9 0 1 50 50 50
9 1 1 50 50 50
9 3 1 50 50 50
9 4 1 50 50 50
9 5 1 50 50 50
9 6 8 50 50 50
9 7 1 50 50 50
9 8 1 50 50 50
9 9 1 50 50 50
9 10 1 50 50 50
9 11 1 50 50 50
9 12 1 50 50 50
9 13 1 50 50 50
9 14 1 50 50 50
9 15 1 50 50 50
9 16 8 50 50 50
9 17 8 50 50 50
9 18 8 50 50 50
9 19 1 50 50 50
9 20 1 50 50 50
9 21 1 50 50 50
9 22 1 50 50 50
9 23 1 50 50 50
9 24 1 50 50 50
9 25 1 50 50 50
9 26 1 50 50 50
9 27 1 50 50 50
9 28 8 50 50 50
9 29 8 50 50 50
9 30 8 50 50 50
9 31 8 50 50 50
9 32 1 50 50 50
9 33 1 50 50 50
9 34 1 50 50 50
9 35 1 50 50 50
9 36 1 50 50 50
9 37 1 50 50 50
9 38 1 50 50 50
9 39 1 50 50 50
9 40 1 50 50 50
9 41 8 50 50 50
9 42 8 50 50 50
9 43 8 50 50 50
9 45 8 50 50 50
9 46 1 50 50 50
9 47 1 50 50 50
9 48 1 50 50 50
9 51 1 50 50 50
9 52 1 50 50 50
9 53 1 50 50 50
9 54 1 50 50 50
10 6 8 50 50 50
10 12 1 50 50 50
10 13 1 50 50 50
10 16 8 50 50 50
10 17 8 50 50 50
10 20 1 50 50 50
10 22 1 50 50 50
10 24 1 50 50 50
10 25 1 50 50 50
10 32 1 50 50 50
10 33 1 50 50 50
10 37 1 50 50 50
10 38 1 50 50 50
10 40 1 50 50 50
11 0 1 50 50 50
11 1 1 50 50 50
11 3 1 50 50 50
11 5 1 50 50 50
11 6 11 50 50 50
11 7 1 50 50 50
11 8 1 50 50 50
11 9 1 50 50 50
11 10 1 50 50 50
11 11 1 50 50 50
11 12 1 50 50 50
11 13 1 50 50 50
11 14 1 50 50 50
11 15 1 50 50 50
11 16 11 50 50 50
11 18 11 50 50 50
11 19 1 50 50 50
11 21 1 50 50 50
11 24 1 50 50 50
11 25 1 50 50 50
11 26 1 50 50 50
11 27 1 50 50 50
11 28 11 50 50 50
11 31 11 50 50 50
11 33 1 50 50 50
11 34 1 50 50 50
11 37 1 50 50 50
11 39 1 50 50 50
11 42 11 50 50 50
12 0 1 50 50 50
12 1 1 50 50 50
12 2 1 50 50 50
12 3 1 50 50 50
12 4 1 50 50 50
12 5 1 50 50 50
12 6 10 5 50 50          
12 7 1 50 50 50
12 8 1 50 50 50
12 9 1 50 50 50
12 10 1 50 50 50
12 11 1 50 50 50
12 12 1 50 50 50
12 13 1 50 50 50
12 14 1 50 50 50
12 15 1 50 50 50
12 16 10 5 50 50         
12 17 10 5 50 50         
12 18 10 5 50 50         
12 19 1 50 50 50
12 20 1 50 50 50
12 21 1 50 50 50
12 22 1 50 50 50
12 23 1 50 50 50
12 24 1 50 50 50
12 25 1 50 50 50
12 26 1 50 50 50
12 27 1 50 50 50
12 28 10 5 50 50         
12 29 10 5 50 50         
12 30 5 10 50 50         
12 31 10 5 50 50         
12 32 1 50 50 50
12 33 1 50 50 50
12 34 1 50 50 50
12 36 1 50 50 50
12 37 1 50 50 50
12 38 1 50 50 50
12 39 1 50 50 50
12 40 1 50 50 50
12 41 10 5 50 50         
12 42 10 5 50 50         
12 43 5 10 50 50         
12 46 1 50 50 50
12 48 1 50 50 50
12 51 1 50 50 50
12 52 1 50 50 50
13 0 1 50 50 50
13 1 1 50 50 50
13 2 1 50 50 50
13 3 1 50 50 50
13 5 1 50 50 50
13 6 10 5 50 50          
13 7 1 50 50 50
13 8 1 50 50 50
13 9 1 50 50 50
13 10 1 50 50 50
13 11 1 50 50 50
13 12 1 50 50 50
13 13 1 50 50 50
13 14 1 50 50 50
13 15 1 50 50 50
13 16 10 5 50 50         
13 17 5 50 50 50
13 18 5 10 50 50         
13 19 1 50 50 50
13 20 1 50 50 50
13 21 1 50 50 50
13 23 1 50 50 50
13 24 1 50 50 50
13 25 1 50 50 50
13 26 1 50 50 50
13 27 1 50 50 50
13 28 10 5 50 50         
13 29 5 10 50 50         
13 30 5 10 50 50         
13 31 10 5 50 50         
13 32 1 50 50 50
13 33 1 50 50 50
13 34 1 50 50 50
13 36 1 50 50 50
13 37 1 50 50 50
13 38 1 50 50 50
13 39 1 50 50 50
13 40 1 50 50 50
13 42 5 10 50 50         
13 43 10 5 50 50         
13 53 1 50 50 50
14 0 1 50 50 50
14 1 1 50 50 50
14 2 1 50 50 50
14 3 1 50 50 50
14 4 1 50 50 50
14 5 1 50 50 50
14 6 5 4 3 50            
14 7 1 50 50 50
14 8 1 50 50 50
14 9 1 50 50 50
14 10 1 50 50 50
14 11 1 50 50 50
14 12 1 50 50 50
14 13 1 50 50 50
14 14 1 50 50 50
14 15 1 50 50 50
14 16 3 5 4 50           
14 17 5 4 3 50           
14 18 5 3 4 50           
14 19 1 50 50 50
14 20 1 50 50 50
14 21 1 50 50 50
14 23 1 50 50 50
14 24 1 50 50 50
14 25 1 50 50 50
14 26 1 50 50 50
14 27 1 50 50 50
14 28 3 5 4 50           
14 29 5 4 50 50          
14 30 4 50 50 50
14 31 5 3 4 50           
14 32 1 50 50 50
14 33 1 50 50 50
14 34 1 50 50 50
14 35 1 50 50 50
14 37 1 50 50 50
14 38 1 50 50 50
14 39 1 50 50 50
14 40 1 50 50 50
14 41 4 3 50 50          
14 43 3 4 50 50          
14 52 1 50 50 50
14 53 1 50 50 50
15 16 12 50 50 50
15 17 12 50 50 50
15 18 12 50 50 50
16 1 117 50 50 50
16 6 116 50 50 50
16 7 133 50 50 50
16 8 117 114 50 50       
16 9 117 114 50 50       
16 10 117 50 50 50
16 11 117 50 50 50
16 12 115 134 50 50      
16 13 115 134 50 50      
16 14 118 50 50 50
16 15 118 50 50 50
16 16 120 50 50 50
16 17 120 50 50 50
16 18 120 50 50 50
16 19 133 50 50 50
16 20 117 114 50 50      
16 21 117 114 50 50      
16 22 117 114 50 50      
16 23 117 50 50 50
16 24 115 134 50 50      
16 25 115 134 50 50      
16 26 118 50 50 50
16 27 118 50 50 50
16 28 116 50 50 50
16 29 116 50 50 50
16 30 116 50 50 50
16 31 116 50 50 50
16 32 133 50 50 50
16 33 117 114 50 50      
16 34 117 114 50 50      
16 35 117 114 50 50      
16 36 117 50 50 50
16 37 115 134 50 50      
16 38 115 134 50 50      
16 39 118 50 50 50
16 40 118 50 50 50
16 41 116 50 50 50
16 42 116 50 50 50
16 43 116 50 50 50
16 44 116 50 50 50
16 45 116 50 50 50
16 46 133 50 50 50
16 47 117 114 50 50      
16 48 117 114 50 50      
16 49 117 114 50 50      
16 50 117 50 50 50
16 51 115 134 50 50      
16 52 115 134 50 50      
16 53 118 50 50 50
16 54 118 50 50 50
17 5 117 50 50 50
17 6 116 50 50 50
17 7 133 50 50 50
17 8 117 114 50 50       
17 9 117 114 50 50       
17 11 117 50 50 50
17 12 115 134 50 50      
17 13 115 134 50 50      
17 14 118 50 50 50
17 15 118 50 50 50
17 16 116 50 50 50
17 17 120 50 50 50
17 18 120 50 50 50
17 19 133 50 50 50
17 20 117 114 50 50      
17 21 117 114 50 50      
17 22 117 114 50 50      
17 23 117 50 50 50
17 24 115 134 50 50      
17 25 115 134 50 50      
17 26 118 50 50 50
17 27 118 50 50 50
17 28 116 50 50 50
17 29 116 50 50 50
17 30 116 50 50 50
17 31 116 50 50 50
17 32 133 50 50 50
17 33 117 114 50 50      
17 34 117 114 50 50      
17 35 117 114 50 50      
17 36 117 50 50 50
17 37 115 134 50 50      
17 38 115 134 50 50      
17 39 118 50 50 50
17 40 118 50 50 50
17 41 116 50 50 50
17 42 116 50 50 50
17 43 116 50 50 50
17 44 116 50 50 50
17 45 116 50 50 50
17 46 133 50 50 50
17 47 117 114 50 50      
17 48 117 114 50 50      
17 50 117 50 50 50
17 51 115 134 50 50      
17 52 115 134 50 50      
17 53 118 50 50 50
17 54 118 50 50 50
18 0 117 50 50 50
18 1 117 50 50 50
18 4 117 50 50 50
18 5 117 50 50 50
18 6 121 50 50 50
18 7 133 50 50 50
18 8 117 114 50 50       
18 9 117 114 50 50       
18 10 117 114 50 50      
18 11 117 50 50 50
18 12 115 134 50 50      
18 13 115 134 50 50      
18 14 118 50 50 50
18 15 118 50 50 50
18 16 116 50 50 50
18 17 120 50 50 50
18 18 120 50 50 50
18 19 133 50 50 50
18 20 117 114 50 50      
18 21 117 114 50 50      
18 23 117 50 50 50
18 24 115 134 50 50      
18 25 115 134 50 50      
18 26 118 50 50 50
18 27 118 50 50 50
18 28 116 50 50 50
18 29 116 50 50 50
18 30 116 50 50 50
18 31 116 50 50 50
18 32 133 50 50 50
18 33 117 114 50 50      
18 34 117 114 50 50      
18 35 117 114 50 50      
18 36 117 50 50 50
18 37 115 134 50 50      
18 38 115 134 50 50      
18 39 118 50 50 50
18 40 118 50 50 50
18 41 116 50 50 50
18 42 116 50 50 50
18 43 116 50 50 50
18 44 116 50 50 50
18 45 116 50 50 50
18 46 133 50 50 50
18 47 114 117 50 50      
18 48 117 114 50 50      
18 50 117 50 50 50
18 51 115 134 50 50      
18 52 115 134 50 50      
18 53 118 50 50 50
18 54 118 50 50 50
19 0 1 50 50 50
19 1 1 50 50 50
19 2 1 50 50 50
19 3 1 50 50 50
19 4 1 50 50 50
19 5 1 50 50 50
19 6 9 50 50 50
19 7 1 50 50 50
19 8 1 50 50 50
19 9 1 50 50 50
19 10 1 50 50 50
19 11 1 50 50 50
19 12 1 50 50 50
19 13 1 50 50 50
19 14 1 50 50 50
19 15 1 50 50 50
19 16 9 50 50 50
19 17 9 50 50 50
19 18 9 50 50 50
19 19 1 50 50 50
19 20 1 50 50 50
19 21 1 50 50 50
19 22 1 50 50 50
19 23 1 50 50 50
19 24 1 50 50 50
19 25 1 50 50 50
19 26 1 50 50 50
19 27 1 50 50 50
19 28 9 50 50 50
19 29 9 50 50 50
19 30 9 50 50 50
19 31 9 50 50 50
19 32 1 50 50 50
19 33 1 50 50 50
19 34 1 50 50 50
19 35 1 50 50 50
19 36 1 50 50 50
19 37 1 50 50 50
19 38 1 50 50 50
19 39 1 50 50 50
19 40 1 50 50 50
19 41 9 50 50 50
19 42 9 50 50 50
19 43 9 50 50 50
19 44 9 50 50 50
19 45 9 50 50 50
19 46 1 50 50 50
19 47 1 50 50 50
19 48 1 50 50 50
19 52 1 50 50 50
19 53 1 50 50 50
19 54 1 50 50 50
20 6 8 50 50 50
20 7 1 50 50 50
20 8 1 50 50 50
20 9 1 50 50 50
20 12 1 50 50 50
20 13 1 50 50 50
20 15 1 50 50 50
20 19 1 50 50 50
20 20 1 50 50 50
20 21 1 50 50 50
20 22 1 50 50 50
20 23 1 50 50 50
20 24 1 50 50 50
20 25 1 50 50 50
20 26 1 50 50 50
20 27 1 50 50 50
20 28 8 50 50 50
20 30 8 50 50 50
20 32 1 50 50 50
20 33 1 50 50 50
20 34 1 50 50 50
20 36 1 50 50 50
20 37 1 50 50 50
20 38 1 50 50 50
20 39 1 50 50 50
20 40 1 50 50 50
20 41 8 50 50 50
20 42 8 50 50 50
20 45 8 50 50 50
21 6 8 50 50 50
21 7 1 50 50 50
21 8 1 50 50 50
21 9 1 50 50 50
21 10 1 50 50 50
21 11 1 50 50 50
21 12 1 50 50 50
21 13 1 50 50 50
21 14 1 50 50 50
21 15 1 50 50 50
21 16 8 50 50 50
21 17 8 50 50 50
21 18 8 50 50 50
21 19 1 50 50 50
21 20 1 50 50 50
21 21 1 50 50 50
21 22 1 50 50 50
21 23 1 50 50 50
21 24 1 50 50 50
21 25 1 50 50 50
21 26 1 50 50 50
21 27 1 50 50 50
21 28 8 50 50 50
21 29 8 50 50 50
21 30 8 50 50 50
21 31 8 50 50 50
21 32 1 50 50 50
21 33 1 50 50 50
21 34 1 50 50 50
21 35 1 50 50 50
21 36 1 50 50 50
21 37 1 50 50 50
21 38 1 50 50 50
21 39 1 50 50 50
21 40 1 50 50 50
21 41 8 50 50 50
21 42 8 50 50 50
21 43 8 50 50 50
21 44 8 50 50 50
21 46 1 50 50 50
21 47 1 50 50 50
21 48 1 50 50 50
21 49 1 50 50 50
21 51 1 50 50 50
21 52 1 50 50 50
21 53 1 50 50 50
21 54 1 50 50 50
22 3 1 50 50 50
22 6 8 50 50 50
22 7 1 50 50 50
22 8 1 50 50 50
22 10 1 50 50 50
22 13 1 50 50 50
22 23 1 50 50 50
22 25 1 50 50 50
22 27 1 50 50 50
22 31 8 50 50 50
22 34 1 50 50 50
22 42 8 50 50 50
23 8 1 50 50 50
23 19 1 50 50 50
23 20 1 50 50 50
23 21 1 50 50 50
23 25 1 50 50 50
23 30 11 50 50 50
23 32 1 50 50 50
23 33 1 50 50 50
23 35 1 50 50 50
23 36 1 50 50 50
23 37 1 50 50 50
23 48 1 50 50 50
24 6 10 5 50 50          
24 7 1 50 50 50
24 8 1 50 50 50
24 9 1 50 50 50
24 10 1 50 50 50
24 11 1 50 50 50
24 12 1 50 50 50
24 13 1 50 50 50
24 14 1 50 50 50
24 15 1 50 50 50
24 16 10 5 50 50         
24 17 10 50 50 50
24 18 10 5 50 50         
24 19 1 50 50 50
24 20 1 50 50 50
24 21 1 50 50 50
24 22 1 50 50 50
24 23 1 50 50 50
24 24 1 50 50 50
24 25 1 50 50 50
24 26 1 50 50 50
24 27 1 50 50 50
24 28 10 5 50 50         
24 29 10 5 50 50         
24 30 10 5 50 50         
24 31 5 10 50 50         
24 32 1 50 50 50
24 33 1 50 50 50
24 34 1 50 50 50
24 35 1 50 50 50
24 36 1 50 50 50
24 37 1 50 50 50
24 38 1 50 50 50
24 39 1 50 50 50
24 40 1 50 50 50
24 41 10 5 50 50         
24 42 10 5 50 50         
24 43 5 10 50 50         
24 45 5 50 50 50
24 46 1 50 50 50
24 47 1 50 50 50
24 49 1 50 50 50
24 51 1 50 50 50
24 52 1 50 50 50
25 6 5 10 50 50          
25 7 1 50 50 50
25 8 1 50 50 50
25 9 1 50 50 50
25 11 1 50 50 50
25 12 1 50 50 50
25 13 1 50 50 50
25 14 1 50 50 50
25 15 1 50 50 50
25 16 5 10 50 50         
25 17 10 5 50 50         
25 18 10 5 50 50         
25 19 1 50 50 50
25 20 1 50 50 50
25 21 1 50 50 50
25 22 1 50 50 50
25 23 1 50 50 50
25 24 1 50 50 50
25 25 1 50 50 50
25 26 1 50 50 50
25 27 1 50 50 50
25 28 5 10 50 50         
25 29 5 10 50 50         
25 30 5 10 50 50         
25 31 10 5 50 50         
25 32 1 50 50 50
25 33 1 50 50 50
25 34 1 50 50 50
25 35 1 50 50 50
25 36 1 50 50 50
25 37 1 50 50 50
25 38 1 50 50 50
25 39 1 50 50 50
25 40 1 50 50 50
25 41 10 50 50 50
25 42 10 5 50 50         
25 43 5 10 50 50         
25 46 1 50 50 50
25 48 1 50 50 50
25 51 1 50 50 50
25 53 1 50 50 50
25 54 1 50 50 50
26 6 4 5 3 50            
26 7 1 50 50 50
26 8 1 50 50 50
26 9 1 50 50 50
26 10 1 50 50 50
26 11 1 50 50 50
26 12 1 50 50 50
26 13 1 50 50 50
26 15 1 50 50 50
26 16 3 5 4 50           
26 17 3 5 4 50           
26 18 3 5 4 50           
26 19 1 50 50 50
26 20 1 50 50 50
26 21 1 50 50 50
26 22 1 50 50 50
26 23 1 50 50 50
26 24 1 50 50 50
26 25 1 50 50 50
26 26 1 50 50 50
26 27 1 50 50 50
26 28 5 3 50 50          
26 29 3 50 50 50
26 30 5 3 50 50          
26 31 5 3 4 50           
26 33 1 50 50 50
26 34 1 50 50 50
26 35 1 50 50 50
26 37 1 50 50 50
26 38 1 50 50 50
26 39 1 50 50 50
26 40 1 50 50 50
26 41 5 50 50 50
26 42 5 50 50 50
26 43 5 3 4 50           
28 0 117 50 50 50
28 1 117 50 50 50
28 4 117 50 50 50
28 5 117 50 50 50
28 6 116 50 50 50
28 7 133 50 50 50
28 8 117 114 50 50       
28 9 117 114 50 50       
28 10 117 50 50 50
28 11 117 50 50 50
28 12 115 134 50 50      
28 13 115 134 50 50      
28 14 118 50 50 50
28 15 118 50 50 50
28 16 116 50 50 50
28 17 116 50 50 50
28 18 116 50 50 50
28 19 133 50 50 50
28 20 117 114 50 50      
28 21 117 114 50 50      
28 23 117 50 50 50
28 24 115 134 50 50      
28 25 115 134 50 50      
28 26 118 50 50 50
28 27 118 50 50 50
28 28 123 50 50 50
28 29 123 50 50 50
28 30 116 50 50 50
28 31 116 50 50 50
28 32 133 50 50 50
28 33 117 114 50 50      
28 34 117 114 50 50      
28 35 117 114 50 50      
28 36 117 50 50 50
28 37 115 134 50 50      
28 38 115 134 50 50      
28 39 118 50 50 50
28 40 118 50 50 50
28 41 116 50 50 50
28 42 116 50 50 50
28 43 116 50 50 50
28 44 116 50 50 50
28 45 116 50 50 50
28 46 133 50 50 50
28 47 117 114 50 50      
28 48 117 114 50 50      
28 49 117 114 50 50      
28 50 117 50 50 50
28 51 115 134 50 50      
28 52 115 134 50 50      
28 53 118 50 50 50
28 54 118 50 50 50
29 0 117 50 50 50
29 1 117 50 50 50
29 2 117 50 50 50
29 5 117 50 50 50
29 6 116 50 50 50
29 7 133 50 50 50
29 8 117 114 50 50       
29 9 117 114 50 50       
29 10 117 50 50 50
29 11 117 50 50 50
29 12 115 134 50 50      
29 13 115 134 50 50      
29 14 118 50 50 50
29 15 118 50 50 50
29 16 116 50 50 50
29 17 116 50 50 50
29 18 116 50 50 50
29 19 133 50 50 50
29 20 117 114 50 50      
29 21 117 114 50 50      
29 23 117 50 50 50
29 24 115 134 50 50      
29 25 115 134 50 50      
29 26 118 50 50 50
29 27 118 50 50 50
29 28 123 50 50 50
29 29 123 50 50 50
29 30 116 50 50 50
29 31 116 50 50 50
29 32 133 50 50 50
29 33 117 114 50 50      
29 34 117 114 50 50      
29 35 117 114 50 50      
29 36 117 50 50 50
29 37 115 134 50 50      
29 38 115 134 50 50      
29 39 118 50 50 50
29 40 118 50 50 50
29 41 116 50 50 50
29 42 116 50 50 50
29 43 116 50 50 50
29 44 116 50 50 50
29 45 116 50 50 50
29 46 133 50 50 50
29 47 117 114 50 50      
29 48 117 114 50 50      
29 49 117 114 50 50      
29 50 117 50 50 50
29 51 115 134 50 50      
29 52 115 134 50 50      
29 53 118 50 50 50
29 54 118 50 50 50
30 3 117 50 50 50
30 5 117 50 50 50
30 6 116 50 50 50
30 7 133 50 50 50
30 8 117 114 50 50       
30 9 117 50 50 50
30 10 117 50 50 50
30 11 117 50 50 50
30 12 134 115 50 50      
30 13 115 134 50 50      
30 14 118 50 50 50
30 15 118 50 50 50
30 16 116 50 50 50
30 17 116 50 50 50
30 18 116 50 50 50
30 19 133 50 50 50
30 20 117 114 50 50      
30 21 117 114 50 50      
30 23 117 50 50 50
30 24 115 134 50 50      
30 25 115 134 50 50      
30 26 118 50 50 50
30 27 118 50 50 50
30 28 116 50 50 50
30 29 116 50 50 50
30 30 116 50 50 50
30 31 116 50 50 50
30 32 133 50 50 50
30 33 117 114 50 50      
30 34 117 114 50 50      
30 35 117 114 50 50      
30 36 117 50 50 50
30 37 115 134 50 50      
30 38 115 134 50 50      
30 39 118 50 50 50
30 40 118 50 50 50
30 41 116 50 50 50
30 42 116 50 50 50
30 43 116 50 50 50
30 44 116 50 50 50
30 45 116 50 50 50
30 46 133 50 50 50
30 47 117 114 50 50      
30 48 117 114 50 50      
30 49 117 114 50 50      
30 50 117 50 50 50
30 51 115 134 50 50      
30 52 115 134 50 50      
30 53 118 50 50 50
30 54 118 50 50 50
31 0 117 50 50 50
31 3 117 50 50 50
31 5 117 50 50 50
31 6 116 50 50 50
31 7 133 50 50 50
31 8 117 114 50 50       
31 9 117 50 50 50
31 11 117 50 50 50
31 12 115 134 50 50      
31 13 115 134 50 50      
31 14 118 50 50 50
31 15 118 50 50 50
31 16 116 50 50 50
31 17 116 50 50 50
31 18 116 50 50 50
31 19 133 50 50 50
31 20 117 114 50 50      
31 21 117 114 50 50      
31 23 117 50 50 50
31 24 115 134 50 50      
31 25 115 134 50 50      
31 26 118 50 50 50
31 27 118 50 50 50
31 28 116 50 50 50
31 29 116 50 50 50
31 30 116 50 50 50
31 31 122 50 50 50
31 32 133 50 50 50
31 33 117 114 50 50      
31 34 117 114 50 50      
31 35 117 114 50 50      
31 36 117 50 50 50
31 37 115 134 50 50      
31 38 115 134 50 50      
31 39 118 50 50 50
31 40 118 50 50 50
31 41 116 50 50 50
31 42 116 50 50 50
31 43 116 50 50 50
31 44 116 50 50 50
31 45 116 50 50 50
31 46 133 50 50 50
31 47 117 114 50 50      
31 48 117 114 50 50      
31 49 117 114 50 50      
31 50 117 50 50 50
31 51 115 134 50 50      
31 52 115 134 50 50      
31 53 118 50 50 50
31 54 118 50 50 50
32 0 1 50 50 50
32 1 1 50 50 50
32 2 1 50 50 50
32 3 1 50 50 50
32 4 1 50 50 50
32 5 1 50 50 50
32 6 9 50 50 50
32 7 1 50 50 50
32 8 1 50 50 50
32 9 1 50 50 50
32 10 1 50 50 50
32 11 1 50 50 50
32 12 1 50 50 50
32 13 1 50 50 50
32 14 1 50 50 50
32 15 1 50 50 50
32 16 9 50 50 50
32 17 9 50 50 50
32 18 9 50 50 50
32 19 1 50 50 50
32 20 1 50 50 50
32 21 1 50 50 50
32 22 1 50 50 50
32 23 1 50 50 50
32 24 1 50 50 50
32 25 1 50 50 50
32 26 1 50 50 50
32 27 1 50 50 50
32 28 9 50 50 50
32 29 9 50 50 50
32 30 9 50 50 50
32 31 9 50 50 50
32 32 1 50 50 50
32 33 1 50 50 50
32 34 1 50 50 50
32 35 1 50 50 50
32 36 1 50 50 50
32 37 1 50 50 50
32 38 1 50 50 50
32 39 1 50 50 50
32 40 1 50 50 50
32 41 9 50 50 50
32 42 9 50 50 50
32 43 9 50 50 50
32 44 9 50 50 50
32 45 9 50 50 50
32 46 1 50 50 50
32 47 1 50 50 50
32 48 1 50 50 50
32 49 1 50 50 50
32 50 1 50 50 50
32 51 1 50 50 50
32 52 1 50 50 50
32 53 1 50 50 50
33 6 8 50 50 50
33 7 1 50 50 50
33 8 1 50 50 50
33 9 1 50 50 50
33 10 1 50 50 50
33 12 1 50 50 50
33 13 1 50 50 50
33 14 1 50 50 50
33 15 1 50 50 50
33 16 8 50 50 50
33 17 8 50 50 50
33 18 8 50 50 50
33 19 1 50 50 50
33 20 1 50 50 50
33 21 1 50 50 50
33 22 1 50 50 50
33 23 1 50 50 50
33 24 1 50 50 50
33 25 1 50 50 50
33 26 1 50 50 50
33 27 1 50 50 50
33 28 8 50 50 50
33 29 8 50 50 50
33 30 8 50 50 50
33 31 8 50 50 50
33 32 1 50 50 50
33 33 1 50 50 50
33 34 1 50 50 50
33 35 1 50 50 50
33 36 1 50 50 50
33 37 1 50 50 50
33 38 1 50 50 50
33 39 1 50 50 50
33 40 1 50 50 50
33 41 8 50 50 50
33 42 8 50 50 50
33 43 8 50 50 50
33 44 8 50 50 50
33 45 8 50 50 50
33 46 1 50 50 50
33 48 1 50 50 50
33 50 1 50 50 50
33 51 1 50 50 50
33 52 1 50 50 50
33 53 1 50 50 50
34 7 1 50 50 50
34 8 1 50 50 50
34 11 1 50 50 50
34 13 1 50 50 50
34 14 1 50 50 50
34 15 1 50 50 50
34 19 1 50 50 50
34 20 1 50 50 50
34 21 1 50 50 50
34 22 1 50 50 50
34 23 1 50 50 50
34 24 1 50 50 50
34 25 1 50 50 50
34 27 1 50 50 50
34 28 8 50 50 50
34 29 8 50 50 50
34 30 8 50 50 50
34 31 8 50 50 50
34 32 1 50 50 50
34 33 1 50 50 50
34 34 1 50 50 50
34 35 1 50 50 50
34 36 1 50 50 50
34 37 1 50 50 50
34 38 1 50 50 50
34 39 1 50 50 50
34 40 1 50 50 50
34 41 8 50 50 50
34 42 8 50 50 50
34 43 8 50 50 50
34 44 8 50 50 50
34 46 1 50 50 50
34 47 1 50 50 50
34 48 1 50 50 50
34 49 1 50 50 50
34 51 1 50 50 50
34 52 1 50 50 50
34 53 1 50 50 50
35 0 1 50 50 50
35 7 1 50 50 50
35 12 1 50 50 50
35 20 1 50 50 50
35 23 1 50 50 50
35 24 1 50 50 50
35 25 1 50 50 50
35 27 1 50 50 50
35 28 8 50 50 50
35 29 8 50 50 50
35 31 8 50 50 50
35 32 1 50 50 50
35 33 1 50 50 50
35 34 1 50 50 50
35 37 1 50 50 50
35 38 1 50 50 50
35 39 1 50 50 50
35 40 1 50 50 50
35 43 8 50 50 50
35 45 8 50 50 50
35 51 1 50 50 50
36 12 1 50 50 50
36 32 1 50 50 50
36 33 1 50 50 50
36 38 1 50 50 50
36 39 1 50 50 50
36 42 11 50 50 50
36 48 1 50 50 50
37 0 1 50 50 50
37 1 1 50 50 50
37 2 1 50 50 50
37 5 1 50 50 50
37 6 5 50 50 50
37 7 1 50 50 50
37 8 1 50 50 50
37 9 1 50 50 50
37 10 1 50 50 50
37 11 1 50 50 50
37 12 1 50 50 50
37 13 1 50 50 50
37 14 1 50 50 50
37 15 1 50 50 50
37 16 5 10 50 50         
37 17 5 10 50 50         
37 18 5 10 50 50         
37 19 1 50 50 50
37 20 1 50 50 50
37 21 1 50 50 50
37 22 1 50 50 50
37 23 1 50 50 50
37 24 1 50 50 50
37 25 1 50 50 50
37 26 1 50 50 50
37 27 1 50 50 50
37 28 10 5 50 50         
37 29 10 5 50 50         
37 30 10 5 50 50         
37 31 5 10 50 50         
37 32 1 50 50 50
37 33 1 50 50 50
37 34 1 50 50 50
37 35 1 50 50 50
37 36 1 50 50 50
37 37 1 50 50 50
37 38 1 50 50 50
37 39 1 50 50 50
37 40 1 50 50 50
37 41 5 10 50 50         
37 42 5 10 50 50         
37 43 10 5 50 50         
37 44 10 5 50 50         
37 45 5 10 50 50         
37 46 1 50 50 50
37 47 1 50 50 50
37 48 1 50 50 50
37 49 1 50 50 50
37 50 1 50 50 50
37 51 1 50 50 50
37 52 1 50 50 50
37 53 1 50 50 50
37 54 1 50 50 50
38 6 5 10 50 50          
38 7 1 50 50 50
38 8 1 50 50 50
38 9 1 50 50 50
38 12 1 50 50 50
38 13 1 50 50 50
38 15 1 50 50 50
38 16 10 5 50 50         
38 17 10 5 50 50         
38 18 5 10 50 50         
38 19 1 50 50 50
38 20 1 50 50 50
38 21 1 50 50 50
38 22 1 50 50 50
38 23 1 50 50 50
38 24 1 50 50 50
38 25 1 50 50 50
38 26 1 50 50 50
38 27 1 50 50 50
38 28 5 10 50 50         
38 29 5 10 50 50         
38 30 5 10 50 50         
38 31 5 10 50 50         
38 32 1 50 50 50
38 33 1 50 50 50
38 34 1 50 50 50
38 35 1 50 50 50
38 36 1 50 50 50
38 37 1 50 50 50
38 38 1 50 50 50
38 39 1 50 50 50
38 40 1 50 50 50
38 41 5 10 50 50         
38 42 5 10 50 50         
38 43 5 10 50 50         
38 44 5 50 50 50
38 45 10 5 50 50         
38 46 1 50 50 50
38 47 1 50 50 50
38 48 1 50 50 50
38 49 1 50 50 50
38 50 1 50 50 50
38 51 1 50 50 50
38 52 1 50 50 50
38 53 1 50 50 50
38 54 1 50 50 50
39 7 1 50 50 50
39 8 1 50 50 50
39 15 1 50 50 50
39 16 4 50 50 50
39 17 4 50 50 50
39 18 3 4 50 50          
39 19 1 50 50 50
39 21 1 50 50 50
39 22 1 50 50 50
39 23 1 50 50 50
39 24 1 50 50 50
39 25 1 50 50 50
39 27 1 50 50 50
39 28 4 5 50 50          
39 29 4 3 50 50          
39 30 3 50 50 50
39 31 5 4 50 50          
39 32 1 50 50 50
39 33 1 50 50 50
39 34 1 50 50 50
39 35 1 50 50 50
39 36 1 50 50 50
39 37 1 50 50 50
39 38 1 50 50 50
39 39 1 50 50 50
39 40 1 50 50 50
39 41 5 3 50 50          
39 42 4 50 50 50
39 43 4 50 50 50
39 45 5 3 50 50          
39 46 1 50 50 50
39 47 1 50 50 50
39 51 1 50 50 50
39 52 1 50 50 50
40 17 12 50 50 50
40 28 12 50 50 50
40 29 12 50 50 50
40 30 12 50 50 50
40 31 12 50 50 50
41 3 117 50 50 50
41 4 117 50 50 50
41 5 117 50 50 50
41 6 116 50 50 50
41 7 133 50 50 50
41 8 117 114 50 50       
41 12 115 134 50 50      
41 13 115 134 50 50      
41 14 118 50 50 50
41 15 118 50 50 50
41 16 116 50 50 50
41 17 116 50 50 50
41 18 116 50 50 50
41 19 133 50 50 50
41 20 117 114 50 50      
41 21 117 114 50 50      
41 23 117 50 50 50
41 24 115 134 50 50      
41 25 115 134 50 50      
41 26 118 50 50 50
41 27 118 50 50 50
41 28 116 50 50 50
41 29 116 50 50 50
41 30 116 50 50 50
41 31 116 50 50 50
41 32 133 50 50 50
41 33 117 114 50 50      
41 34 117 114 50 50      
41 35 117 114 50 50      
41 36 117 50 50 50
41 37 115 134 50 50      
41 38 115 134 50 50      
41 39 118 50 50 50
41 40 118 50 50 50
41 41 126 50 50 50
41 42 126 50 50 50
41 43 116 50 50 50
41 44 116 50 50 50
41 45 116 50 50 50
41 46 133 50 50 50
41 47 117 114 50 50      
41 48 132 50 50 50
41 49 117 114 50 50      
41 50 117 50 50 50
41 51 132 50 50 50
41 52 132 50 50 50
41 53 132 50 50 50
41 54 118 50 50 50
42 1 117 50 50 50
42 6 116 50 50 50
42 7 133 50 50 50
42 8 117 114 50 50       
42 11 117 50 50 50
42 12 115 134 50 50      
42 13 115 134 50 50      
42 14 118 50 50 50
42 15 118 50 50 50
42 16 116 50 50 50
42 17 116 50 50 50
42 18 116 50 50 50
42 19 133 50 50 50
42 20 117 114 50 50      
42 21 117 114 50 50      
42 23 117 50 50 50
42 24 115 134 50 50      
42 25 115 134 50 50      
42 26 118 50 50 50
42 27 118 50 50 50
42 28 116 50 50 50
42 29 116 50 50 50
42 30 116 50 50 50
42 31 116 50 50 50
42 32 133 50 50 50
42 33 117 114 50 50      
42 34 117 114 50 50      
42 36 117 50 50 50
42 37 115 134 50 50      
42 38 115 134 50 50      
42 39 118 50 50 50
42 40 118 50 50 50
42 41 126 50 50 50
42 42 126 50 50 50
42 43 116 50 50 50
42 44 116 50 50 50
42 45 116 50 50 50
42 46 133 50 50 50
42 47 117 114 50 50      
42 48 132 50 50 50
42 49 117 114 50 50      
42 50 117 50 50 50
42 51 132 50 50 50
42 52 132 50 50 50
42 53 132 50 50 50
42 54 118 50 50 50
43 0 117 50 50 50
43 6 116 50 50 50
43 7 133 50 50 50
43 8 117 114 50 50       
43 9 117 114 50 50       
43 11 117 50 50 50
43 12 115 134 50 50      
43 13 115 134 50 50      
43 14 118 50 50 50
43 15 118 50 50 50
43 16 116 50 50 50
43 17 116 50 50 50
43 18 116 50 50 50
43 19 133 50 50 50
43 20 117 114 50 50      
43 21 117 114 50 50      
43 24 115 134 50 50      
43 25 115 134 50 50      
43 26 118 50 50 50
43 27 118 50 50 50
43 28 116 50 50 50
43 29 116 50 50 50
43 30 116 50 50 50
43 31 116 50 50 50
43 32 133 50 50 50
43 33 117 114 50 50      
43 34 117 114 50 50      
43 35 117 114 50 50      
43 36 117 50 50 50
43 37 115 134 50 50      
43 38 115 134 50 50      
43 39 118 50 50 50
43 40 118 50 50 50
43 41 116 50 50 50
43 42 116 50 50 50
43 43 116 50 50 50
43 44 116 50 50 50
43 45 116 50 50 50
43 46 133 50 50 50
43 47 117 114 50 50      
43 48 117 114 50 50      
43 49 117 114 50 50      
43 50 117 50 50 50
43 51 115 134 50 50      
43 52 115 134 50 50      
43 53 118 50 50 50
43 54 118 50 50 50
44 3 117 50 50 50
44 4 117 50 50 50
44 5 117 50 50 50
44 6 116 50 50 50
44 7 133 50 50 50
44 8 117 114 50 50       
44 12 115 134 50 50      
44 13 115 134 50 50      
44 14 118 50 50 50
44 15 118 50 50 50
44 16 116 50 50 50
44 17 116 50 50 50
44 18 116 50 50 50
44 19 133 50 50 50
44 20 117 114 50 50      
44 21 117 114 50 50      
44 24 115 134 50 50      
44 25 115 134 50 50      
44 26 118 50 50 50
44 27 118 50 50 50
44 28 116 50 50 50
44 29 116 50 50 50
44 30 116 50 50 50
44 31 116 50 50 50
44 32 133 50 50 50
44 33 117 114 50 50      
44 34 117 114 50 50      
44 35 117 114 50 50      
44 36 117 50 50 50
44 37 115 134 50 50      
44 38 115 134 50 50      
44 39 118 50 50 50
44 40 118 50 50 50
44 41 129 50 50 50
44 42 129 50 50 50
44 43 116 50 50 50
44 44 127 50 50 50
44 45 128 50 50 50
44 46 133 50 50 50
44 47 117 114 50 50      
44 48 131 50 50 50
44 49 117 114 50 50      
44 50 117 50 50 50
44 51 131 50 50 50
44 52 131 50 50 50
44 53 131 50 50 50
44 54 118 50 50 50
45 6 116 50 50 50
45 7 133 50 50 50
45 8 117 114 50 50       
45 11 117 50 50 50
45 12 134 115 50 50      
45 13 115 134 50 50      
45 14 118 50 50 50
45 15 118 50 50 50
45 16 116 50 50 50
45 17 116 50 50 50
45 18 116 50 50 50
45 19 133 50 50 50
45 20 117 114 50 50      
45 21 117 114 50 50      
45 23 117 50 50 50
45 24 115 134 50 50      
45 25 115 134 50 50      
45 26 118 50 50 50
45 27 118 50 50 50
45 28 116 50 50 50
45 29 116 50 50 50
45 30 116 50 50 50
45 31 116 50 50 50
45 32 133 50 50 50
45 33 117 114 50 50      
45 34 117 114 50 50      
45 35 117 114 50 50      
45 36 117 50 50 50
45 37 115 134 50 50      
45 38 115 134 50 50      
45 39 118 50 50 50
45 40 118 50 50 50
45 41 116 50 50 50
45 42 116 50 50 50
45 43 116 50 50 50
45 44 116 50 50 50
45 45 116 50 50 50
45 46 133 50 50 50
45 47 117 114 50 50      
45 48 117 114 50 50      
45 49 117 114 50 50      
45 50 117 50 50 50
45 51 115 134 50 50      
45 52 115 134 50 50      
45 53 118 50 50 50
45 54 118 50 50 50
46 0 1 50 50 50
46 1 1 50 50 50
46 2 1 50 50 50
46 3 1 50 50 50
46 5 1 50 50 50
46 6 9 50 50 50
46 7 1 50 50 50
46 8 1 50 50 50
46 9 1 50 50 50
46 10 1 50 50 50
46 11 1 50 50 50
46 12 1 50 50 50
46 13 1 50 50 50
46 14 1 50 50 50
46 15 1 50 50 50
46 16 9 50 50 50
46 17 9 50 50 50
46 18 9 50 50 50
46 19 1 50 50 50
46 20 1 50 50 50
46 21 1 50 50 50
46 22 1 50 50 50
46 23 1 50 50 50
46 24 1 50 50 50
46 25 1 50 50 50
46 26 1 50 50 50
46 27 1 50 50 50
46 28 9 50 50 50
46 29 9 50 50 50
46 30 9 50 50 50
46 31 9 50 50 50
46 32 1 50 50 50
46 33 1 50 50 50
46 34 1 50 50 50
46 35 1 50 50 50
46 36 1 50 50 50
46 37 1 50 50 50
46 38 1 50 50 50
46 39 1 50 50 50
46 40 1 50 50 50
46 41 9 50 50 50
46 42 9 50 50 50
46 43 9 50 50 50
46 44 13 50 50 50
46 45 9 50 50 50
46 46 1 50 50 50
46 47 1 50 50 50
46 48 1 50 50 50
46 49 1 50 50 50
46 50 1 50 50 50
46 51 1 50 50 50
46 52 1 50 50 50
46 53 1 50 50 50
46 54 1 50 50 50
47 6 8 50 50 50
47 17 8 50 50 50
47 19 1 50 50 50
47 20 1 50 50 50
47 21 1 50 50 50
47 22 1 50 50 50
47 24 1 50 50 50
47 27 1 50 50 50
47 28 8 50 50 50
47 29 8 50 50 50
47 30 8 50 50 50
47 31 8 50 50 50
47 32 1 50 50 50
47 33 1 50 50 50
47 34 1 50 50 50
47 35 1 50 50 50
47 36 1 50 50 50
47 37 1 50 50 50
47 38 1 50 50 50
47 39 1 50 50 50
47 40 1 50 50 50
47 41 8 50 50 50
47 42 8 50 50 50
47 43 8 50 50 50
47 44 8 50 50 50
47 45 8 50 50 50
47 46 1 50 50 50
47 47 1 50 50 50
47 48 1 50 50 50
47 49 1 50 50 50
47 50 1 50 50 50
47 51 1 50 50 50
47 52 1 50 50 50
47 53 1 50 50 50
47 54 1 50 50 50
48 13 1 50 50 50
48 17 8 50 50 50
48 19 1 50 50 50
48 21 1 50 50 50
48 28 8 50 50 50
48 32 1 50 50 50
48 35 1 50 50 50
48 37 1 50 50 50
48 38 1 50 50 50
48 42 8 50 50 50
48 46 1 50 50 50
48 47 1 50 50 50
48 48 0 50 50 50
48 49 1 50 50 50
48 50 1 50 50 50
48 51 0 50 50 50
48 52 0 50 50 50
49 16 8 50 50 50
49 18 8 50 50 50
49 19 1 50 50 50
49 20 1 50 50 50
49 22 1 50 50 50
49 23 1 50 50 50
49 25 1 50 50 50
49 27 1 50 50 50
49 28 8 50 50 50
49 29 8 50 50 50
49 30 8 50 50 50
49 32 1 50 50 50
49 34 1 50 50 50
49 35 1 50 50 50
49 37 1 50 50 50
49 38 1 50 50 50
49 39 1 50 50 50
49 40 1 50 50 50
49 41 8 50 50 50
49 42 8 50 50 50
49 43 8 50 50 50
49 44 8 50 50 50
49 45 8 50 50 50
49 46 1 50 50 50
49 47 1 50 50 50
49 48 1 50 50 50
49 49 1 50 50 50
49 51 1 50 50 50
49 52 1 50 50 50
49 53 1 50 50 50
49 54 1 50 50 50
50 30 11 50 50 50
50 32 1 50 50 50
50 37 1 50 50 50
50 38 1 50 50 50
50 43 11 50 50 50
50 44 11 50 50 50
50 46 1 50 50 50
50 47 1 50 50 50
50 48 1 50 50 50
50 50 1 50 50 50
50 51 1 50 50 50
50 52 1 50 50 50
50 53 1 50 50 50
50 54 1 50 50 50
51 3 1 50 50 50
51 6 5 50 50 50
51 7 1 50 50 50
51 8 1 50 50 50
51 9 1 50 50 50
51 11 1 50 50 50
51 12 1 50 50 50
51 13 1 50 50 50
51 14 1 50 50 50
51 15 1 50 50 50
51 16 10 5 50 50         
51 17 5 10 50 50         
51 18 5 10 50 50         
51 19 1 50 50 50
51 20 1 50 50 50
51 21 1 50 50 50
51 22 1 50 50 50
51 23 1 50 50 50
51 24 1 50 50 50
51 25 1 50 50 50
51 26 1 50 50 50
51 27 1 50 50 50
51 28 10 5 50 50         
51 29 5 10 50 50         
51 30 10 5 50 50         
51 31 10 5 50 50         
51 32 1 50 50 50
51 33 1 50 50 50
51 34 1 50 50 50
51 35 1 50 50 50
51 36 1 50 50 50
51 37 1 50 50 50
51 38 1 50 50 50
51 39 1 50 50 50
51 40 1 50 50 50
51 41 5 10 50 50         
51 42 5 10 50 50         
51 43 5 10 50 50         
51 44 10 5 50 50         
51 45 3 50 50 50
51 46 1 50 50 50
51 47 1 50 50 50
51 48 0 50 50 50
51 49 1 50 50 50
51 50 1 50 50 50
51 51 0 50 50 50
51 52 0 50 50 50
51 53 0 50 50 50
51 54 1 50 50 50
52 17 10 50 50 50
52 20 1 50 50 50
52 22 1 50 50 50
52 24 1 50 50 50
52 28 5 50 50 50
52 29 10 50 50 50
52 30 5 50 50 50
52 31 5 50 50 50
52 32 1 50 50 50
52 33 1 50 50 50
52 34 1 50 50 50
52 35 1 50 50 50
52 36 1 50 50 50
52 37 1 50 50 50
52 38 1 50 50 50
52 39 1 50 50 50
52 40 1 50 50 50
52 41 10 5 50 50         
52 42 10 5 50 50         
52 43 5 10 50 50         
52 44 10 5 50 50         
52 45 3 50 50 50
52 46 1 50 50 50
52 47 1 50 50 50
52 48 0 50 50 50
52 49 1 50 50 50
52 50 1 50 50 50
52 51 0 50 50 50
52 52 0 50 50 50
52 53 0 50 50 50
52 54 1 50 50 50
53 32 1 50 50 50
53 33 1 50 50 50
53 34 1 50 50 50
53 35 1 50 50 50
53 37 1 50 50 50
53 38 1 50 50 50
53 40 1 50 50 50
53 41 3 4 50 50          
53 42 5 3 50 50          
53 43 5 3 4 50           
53 44 4 3 5 50           
53 45 3 50 50 50
53 46 1 50 50 50
53 47 1 50 50 50
53 48 0 50 50 50
53 49 1 50 50 50
53 50 1 50 50 50
53 51 0 50 50 50
53 52 0 50 50 50
53 53 0 50 50 50
53 54 1 50 50 50
54 41 12 50 50 50
54 43 12 50 50 50        
