ConnectionType gsynM gsynStd t_riseM t_riseStd t_decayM t_decayStd 
L23_PC:L23_PC 0.68 0.46 0.2 0.1 1.7 0.14 
L4_exc:L4_exc 0.68 0.45 0.2 0.1 1.7 0.14 
L4_SS:L23_PC 0.19 0.2 0.1 1.7 0.14 
L5_TTPC:L5_TTPC 1.5 0.12 0.2 0.1 1.7 0.14 1.05 
L5_STPC:L5_STPC 0.8 0.53 0.2 0.1 1.7 0.14 
exc:exc 0.72 0.5 0.2 0.1 1.7 0.14
L5_TTPC:L5_MC 0.11 0.08 0.2 0.1 1.7 0.14
L5_PC:L5_ChC 0.72 0.5 0.2 0.1 1.7 0.14
L5_BC:L5_ChC 0.72 0.5 0.2 0.1 1.7 0.14
exc:inh 0.43 0.28 0.2 0.1 1.7 0.14
L5_MC:L5_TTPC 0.75 0.32 0.2 0.1 8.3 2.2
L23_NBC:L23_ChC 0.91 0.61 0.2 0.1 8.3 2.2
L23_LBC:L23_ChC 0.91 0.61 0.2 0.1 8.3 2.2
L23_NBC:L23_PC 0.91 0.61 0.2 0.1 8.3 2.2
L23_LBC:L23_PC 0.91 0.61 0.2 0.1 8.3 2.2
inh:exc 0.83 0.2 0.2 0.1 8.3 2.2   
inh:inh 0.83 0.55 0.2 0.1 8.3 2.2
  
