339.6618 2011.5601 49.8001 17 39 214 427
407.9886 2035.0782 382.3775 16 7 202 81
260.6506 1947.4490 130.6242 54 229 469 2573
404.3767 2058.2742 307.0756 3 59 37 615
446.2487 2013.1709 181.4800 3 21 32 238
345.1730 2028.6349 248.2307 3 143 22 1568
325.5805 1918.4540 309.1214 43 329 404 3876
493.4676 2011.2379 338.8758 23 142 268 1557
260.4190 2057.6299 19.0439 5 8 42 77
395.4267 2033.1452 200.7708 13 7 157 64
491.6604 2015.1039 2.0352 0 6 0 58
369.6127 2053.5222 46.5455 3 7 26 72
440.7590 2034.1923 36.5076 3 9 36 83
184.7107 1964.6043 141.4665 14 134 118 1566
190.5928 2057.3882 190.5197 2 10 13 116
267.6901 2072.8522 71.0700 0 4 0 46
288.4359 2002.6200 79.6353 23 13 227 131
470.7438 1957.5167 114.3337 14 209 165 2332
291.3543 2029.6819 289.2396 21 39 214 407
350.3730 1921.4341 393.7249 30 395 167 4951
237.4705 2076.0739 -2.7719 0 1 0 9
366.1594 2081.5507 380.3762 1 6 3 59
387.3359 1919.1789 93.6327 9 56 63 587
199.2853 1944.9522 268.0436 62 349 595 3896
342.1345 1965.5708 287.8483 57 36 572 326
202.3965 2037.7361 157.7867 19 8 183 74
461.9096 2058.3547 111.4114 1 7 3 50
353.0672 2005.5195 425.6018 13 38 131 395
237.6874 1987.4782 356.9631 38 216 439 2268
370.0639 1949.4625 67.5250 11 54 115 532
141.8462 1977.8132 261.1345 21 61 172 652
420.2784 2022.9164 411.4375 9 19 103 207
214.7285 2079.6177 140.4166 0 2 0 16
212.2880 2040.7967 202.7373 16 71 181 739
473.2711 2012.4460 64.3487 11 93 125 1081
248.0707 2053.6833 119.4355 1 10 6 101
464.7068 2002.1367 325.3760 10 113 77 1220
514.3217 2008.5800 167.3528 5 89 44 962
329.2578 2026.6214 106.6944 2 64 22 761
289.7790 2057.5493 85.7945 1 8 9 85
251.2865 2011.1574 343.8150 37 174 383 1828
318.1289 2077.5236 104.5137 1 3 12 25
267.9175 1984.7397 349.5052 18 199 156 2168
415.1635 1955.1004 336.9146 15 377 112 4403
446.5852 1981.1959 87.5657 6 25 60 255
490.5620 2001.1702 318.0125 13 31 108 316
361.2817 1996.0156 82.3294 25 16 331 129
266.4783 2029.5209 135.9255 3 14 13 168
197.9971 1956.0669 330.6565 26 267 273 3012
443.9593 2007.6135 403.3085 7 156 104 1739
524.8551 1981.3268 268.4737 4 38 44 403
217.2518 2030.2961 350.0886 10 27 84 257
