289.9732 1974.8281 113.7201 9 223 100 3320
534.8041 1995.9147 74.2914 5 39 61 505
362.5029 1996.2075 31.8236 22 66 208 856
436.8461 2066.4962 414.4511 10 23 102 277
363.2756 1964.5776 387.5341 9 137 73 1856
216.3782 1983.3213 -21.2136 3 15 22 215
244.7997 2053.6100 91.9516 3 47 11 621
308.7708 2041.8952 246.2611 12 21 137 286
474.7300 2055.9529 200.9739 8 23 59 300
440.9827 1962.2347 369.1773 18 160 169 2188
297.4170 1997.9648 146.7986 26 85 256 1142
542.1717 1992.1074 153.4914 4 48 37 611
478.4298 1926.5046 53.9861 5 110 51 1686
490.0769 2015.5369 183.9749 12 190 101 2456
301.2776 2043.4327 364.1655 11 40 110 530
343.3682 2057.4905 136.7646 2 91 17 1156
445.6101 1973.1441 144.0916 10 97 116 1328
326.0154 2017.6602 291.6595 7 135 71 1854
460.7285 1939.1712 277.0669 74 974 741 17572
505.5227 2051.6331 136.9436 7 28 58 392
386.0792 1941.5142 139.4716 6 260 38 3929
315.5027 1974.3155 393.9277 54 951 524 17685
248.6771 2008.8741 112.2427 25 436 261 7649
278.7365 2018.2460 187.8454 18 136 218 1883
294.3721 1931.5566 111.4830 57 754 666 14088
214.4655 2053.3903 107.9642 6 23 46 319
487.7904 2063.9336 339.1954 2 69 18 814
289.0675 2049.8759 30.4410 1 38 2 459
173.8748 2000.6738 132.0293 10 164 89 2205
472.0019 2043.1399 282.6498 12 52 110 677
251.3538 2000.9667 95.8865 4 66 33 927
218.4486 2058.3691 141.1929 5 19 59 231
481.8518 2039.6254 54.3857 4 88 36 1162
555.2111 2034.9395 248.0253 2 161 27 2131
309.6319 1966.9938 94.7195 67 400 744 6946
560.3495 2030.8394 221.4996 1 120 7 1813
527.8400 1932.4352 235.1669 26 229 275 3158
281.8997 1945.3215 293.0320 23 276 196 4130
347.5902 2015.4637 237.6988 24 187 251 2618
379.2426 1970.9475 239.0414 10 141 89 1936
359.4570 1933.4603 5.2135 39 415 408 7726
461.1805 1956.8898 360.0400 21 301 196 4029
126.5886 2049.4366 214.5968 9 23 120 295
531.9016 1971.5333 227.7236 39 118 359 1614
426.5945 2055.8797 178.1571 7 25 59 312
270.6203 1919.9883 207.2943 56 344 563 5393
302.3827 1931.7030 322.0174 26 426 208 7013
346.5048 1970.3618 59.2120 9 103 79 1372
376.5355 1989.1055 268.4428 10 243 81 3263
336.9904 2047.6793 151.5045 11 32 119 396
389.9947 2066.4230 238.3536 4 27 41 328
325.5159 1921.1597 165.1645 14 191 142 2706
361.2651 1926.1385 304.1134 69 969 595 17416
457.9942 1970.6547 396.3203 12 89 65 1144
411.1829 1933.1674 322.2587 36 449 324 6956
238.5857 1992.9128 323.0098 4 208 34 2877
187.4786 2060.8585 115.3964 2 82 20 988
217.5479 2051.4866 301.8567 14 25 116 370
531.4860 1937.2676 271.5234 9 312 120 4653
410.2069 1932.5817 348.2764 28 460 248 7299
397.9589 1995.8415 99.5422 11 179 119 2419
181.0866 1957.1827 227.4655 62 825 741 14626
508.3071 2006.3848 132.0636 18 41 185 552
522.7296 1987.6411 179.1848 6 47 61 606
228.8345 1940.7820 238.6205 24 381 229 5978
493.7136 1956.7159 226.2403 105 483 1245 8339
287.3042 2022.3187 298.3985 5 145 40 1965
367.4343 2059.8060 393.0175 7 86 76 1101
236.4138 1952.0300 361.9765 56 361 558 5507
221.1573 1963.7448 40.1031 33 527 419 9638
159.6780 1977.8025 212.4562 1 245 4 3600
