374.6859 2031.0487 399.4902 27 24 204 207 1
361.0069 2013.7898 196.7330 22 76 238 618 1
414.7730 1973.1807 122.2736 32 100 325 914 1
153.3786 2001.6071 77.8062 17 1 123 6 1
411.5182 1993.4853 425.8562 42 77 391 690 1
190.8894 1928.7645 278.2029 84 729 803 8220 1
197.5923 2030.2873 82.6489 9 7 80 48 1
225.5515 2040.4395 7.5494 15 9 99 67 1
359.0910 1934.8559 281.6635 75 473 588 5102 1
328.9853 1979.5259 93.8719 30 75 244 660 1
303.3561 2045.5157 8.8102 8 7 79 54 1
404.7650 1985.1096 269.7864 21 253 194 2640 1
296.5495 2016.5817 41.5511 13 127 155 1217 1
316.0529 1935.3635 377.0819 45 389 349 4041 1
285.0890 2036.8862 188.7112 8 322 96 3341 1
336.6878 2022.4827 192.8688 10 374 123 3960 1
439.6682 1970.7061 156.4059 19 53 158 501 1
286.9053 1982.8888 178.6302 29 166 320 1697 1
376.1609 2045.3253 330.6632 32 10 199 89 1
379.8359 1955.9853 272.7558 38 689 357 7579 1
505.6661 1952.9396 315.4959 43 33 295 286 1
259.7172 1993.8025 166.2694 15 161 156 1698 1
160.7911 1945.0716 206.6252 85 1032 838 14500 1
157.4953 1953.1934 166.4120 24 97 189 1024 1
254.5005 2014.1071 379.9188 28 26 241 205 1
398.2496 1975.5284 198.4565 26 67 274 639 1
506.2628 2032.3812 203.7330 5 53 42 453 1
189.0527 1922.7366 203.0945 48 87 486 774 1
380.8043 1990.7568 190.9370 18 175 144 1815 1
333.9967 1944.0564 197.3040 65 26 477 208 1
161.2666 1984.6655 169.3146 20 291 199 3092 1
203.1947 1988.7264 97.2654 31 273 308 2775 1
385.3122 2012.5842 144.0748 16 157 161 1461 1
438.2460 1978.0665 353.8551 34 345 319 3576 1
366.0785 2018.6756 258.9458 8 420 102 4429 1
323.2341 2036.8228 381.3304 26 12 214 99 1
493.0546 2017.5335 392.3061 11 413 108 4492 1
367.4405 2019.5639 165.4219 5 90 71 882 1
422.9913 2012.9649 26.8091 3 12 46 108 1
301.5120 1968.2949 344.8088 23 246 203 2397 1
317.1488 1992.6604 240.8674 40 19 316 151 1
263.8667 1945.1985 157.9921 49 20 325 170 1
380.4433 2038.5994 294.6974 11 325 128 3412 1
364.2898 1926.9244 341.8336 54 138 436 1199 1
230.0233 2036.5690 41.4806 7 5 61 37 1
399.6720 1979.7162 -1.5223 12 25 98 240 1
257.1692 1966.5183 383.0068 36 64 344 601 1
271.5842 1921.8482 373.3078 55 410 453 4269 1
430.9084 1938.0919 39.1583 10 262 80 2918 1
223.7110 1980.7315 309.0891 43 91 389 799 1
265.2828 1919.3102 62.2334 56 609 545 6982 1
366.1586 1998.4979 270.9994 16 164 135 1653 1
196.7147 2014.7416 85.4933 6 74 65 701 1
419.2166 1953.8279 172.5342 40 95 335 831 1
320.9870 1970.0716 318.6695 27 188 215 1969 1
489.8127 1996.0630 191.9734 33 297 278 3046 1
127.9483 2026.5198 140.7458 11 13 98 110 1
132.9813 1977.7889 225.9770 26 238 263 2464 1
336.3156 1934.1341 244.2725 38 91 274 893 1
