357.9260 2010.2268 286.5799 12 56 90 680
273.8091 1991.6410 382.8204 49 242 474 3024
190.7056 1998.1461 227.1210 29 149 325 1853
496.6803 1964.4593 241.2316 35 199 346 2568
420.3119 1996.9845 377.4477 27 160 274 1971
316.0893 2002.3860 75.8438 24 141 318 1774
275.7971 1956.8507 236.8821 66 280 718 3722
472.1385 1958.2447 244.7366 50 334 571 4298
468.6922 2006.5678 337.3884 32 209 363 2551
175.5175 1992.3961 180.3103 24 181 249 2311
233.7860 2011.9112 79.5341 15 94 180 1191
559.7922 2021.2041 174.4442 10 125 87 1691
178.9053 2032.2394 246.9362 10 189 108 2432
372.6913 2002.5021 9.7252 18 71 176 935
447.9499 2011.7950 127.7011 23 126 267 1594
226.9912 2025.7344 232.2246 29 271 324 3670
238.5842 1992.2799 411.3403 30 166 270 2129
231.1566 1992.7446 146.7762 28 177 290 2130
126.4396 1998.5526 201.0959 23 63 219 795
451.3071 1976.2497 121.1304 10 91 87 1148
328.4896 1991.1183 42.1871 9 69 109 902
354.8831 1985.0779 245.6120 50 383 534 5446
357.0601 2009.2395 127.2880 3 43 28 518
170.2672 2030.6131 210.6733 16 87 141 1033
