340.2746 103.2380 305.7763 70 48 189 581 42
457.6995 508.8282 140.8699 96 72 318 824 42
180.4779 153.1673 238.4967 59 36 172 395 42
462.3552 409.9955 191.5183 76 68 201 699 42
256.2611 437.3541 364.3357 97 82 266 899 42
228.7815 462.6607 155.0794 80 62 212 659 42
501.8096 431.3694 156.5945 68 56 191 619 42
185.9133 188.9044 172.8968 40 42 120 519 42
376.6949 245.4382 197.3375 72 59 210 720 42
158.3427 529.2830 277.8419 97 83 264 849 42
355.7387 481.4056 178.7267 87 92 265 992 42
251.0482 544.6722 -26.6044 27 19 89 211 42
197.3848 45.3789 250.9583 43 49 125 577 42
305.6803 453.4913 344.6616 99 64 274 750 42
300.9175 602.1679 33.8539 69 64 219 695 42
130.7128 312.1674 153.3363 46 28 120 304 42
458.9638 292.8454 302.6323 78 45 228 498 42
307.0584 73.9772 340.2091 54 47 148 505 42
238.0941 112.3967 355.2509 59 58 170 633 42
492.4860 110.6868 150.4681 40 38 120 425 42
308.8671 547.0554 231.7637 87 59 248 693 42
327.5512 396.7544 53.8077 65 65 186 648 42
251.9357 545.8584 13.4446 45 52 138 599 42
260.6476 444.4181 344.2869 121 78 371 847 42
360.3254 7.3655 68.0346 31 36 95 431 42
347.9808 62.9376 328.7994 54 27 160 289 42
289.7752 122.1004 175.0101 63 39 178 457 42
234.0644 214.4354 98.2128 46 42 141 465 42
401.9172 438.7754 56.9974 75 53 228 550 42
390.5684 494.8604 -17.0847 29 13 81 145 42
323.5211 653.6254 389.3109 98 85 282 914 42
408.7229 454.9341 63.7994 58 64 175 651 42
466.4747 662.6879 10.9479 41 32 111 303 42
193.4574 452.7112 194.3875 78 71 219 786 42
271.5397 293.0057 316.6750 81 40 246 449 42
400.9620 603.5251 380.3697 98 109 285 1107 42
395.7894 48.1469 224.9454 49 35 131 385 42
254.2992 66.5498 250.9698 58 43 171 446 42
255.7178 110.8364 306.5585 56 55 150 659 42
475.0023 113.5722 133.9633 50 37 137 419 42
552.5801 301.6621 194.8161 44 44 124 528 42
350.1185 222.4079 244.6226 85 60 251 702 42
416.4410 641.5064 380.2989 106 86 322 954 42
444.5610 292.0012 254.8140 76 50 231 556 42
226.0429 131.9110 180.8319 50 36 142 373 42
350.7993 450.2959 201.1418 87 69 248 754 42
237.6390 692.5899 366.9361 96 113 287 1230 42
188.7245 180.2159 301.3957 74 58 210 646 42
509.1823 462.6928 213.7791 61 53 181 666 42
331.8522 671.9855 238.2330 98 132 289 1559 42
311.7149 161.0703 387.9811 79 54 217 565 42
294.3677 684.0457 344.4069 96 97 322 1030 42
208.3193 336.9344 -19.4612 28 12 69 141 42
133.1741 131.5744 177.1298 40 26 117 274 42
486.7269 671.6917 12.5466 50 34 153 329 42
279.1168 575.7658 99.8984 74 74 227 817 42
247.1677 224.6147 178.2882 59 64 160 772 42
379.9910 642.5163 339.9501 100 102 306 1095 42
408.1989 250.4344 388.1756 84 69 231 781 42
401.1841 269.9273 44.2444 40 43 127 440 42
261.6704 105.7761 117.0403 44 52 128 606 42
506.6765 131.7667 129.7786 37 34 112 377 42
423.1963 57.8987 380.6546 52 43 146 431 42
292.3987 436.1304 127.2747 86 58 238 673 42
364.4071 134.4171 202.5381 56 54 158 594 42
325.9960 309.5117 221.2163 80 70 209 843 42
397.2983 533.5097 74.2028 67 64 222 717 42
348.9690 230.3429 142.9135 59 54 174 638 42
378.7561 574.5047 22.1756 61 52 190 635 42
340.1302 272.0220 235.8229 71 64 194 740 42
