481.5761 1939.0911 281.6556 27 43 264 407
524.9064 1917.3803 274.8696 42 59 318 566
286.9654 1960.8019 83.9428 48 181 620 1988
468.0451 1966.2296 50.9263 24 73 191 822
263.5963 1940.1766 31.1005 13 92 104 1036
106.4030 2027.0199 232.6071 21 44 281 422
498.4093 2013.9934 286.3414 16 586 164 6845
305.5287 2003.4094 -10.6870 11 161 116 1940
436.8661 2020.7780 215.4061 15 536 158 6319
454.2938 2009.9226 200.1700 8 89 55 933
464.8947 2001.2383 64.4383 2 259 50 3310
188.4970 1943.7046 288.9531 54 228 453 2456
360.4827 2021.8635 305.9051 17 586 137 6835
328.6761 2039.2322 301.2743 11 378 138 4321
201.7177 1921.9938 122.3753 21 59 172 592
275.1564 2000.1527 189.6153 10 153 111 1675
429.0458 1950.2179 216.3084 23 30 183 305
516.9020 2037.0611 177.7937 8 295 90 3376
394.4547 1952.9317 61.7374 52 291 602 3325
295.9203 1957.2739 413.6659 19 38 162 356
242.3831 2009.3798 329.4390 18 83 170 868
223.0396 1937.7342 210.4276 26 250 229 2631
182.5579 1955.1028 247.4258 16 201 145 2136
399.0404 1963.7871 163.0765 13 16 86 163
334.6914 2046.2882 51.4458 16 18 171 179
205.7203 1993.0967 221.2695 9 99 73 1084
241.1088 1969.2148 371.0058 56 306 555 3389
455.1950 1956.1884 71.7370 11 18 81 180
346.9818 2042.8280 254.8394 25 35 303 347
420.3495 1923.4186 351.2233 73 321 582 3543
149.7451 2018.9462 264.1257 10 557 113 6535
265.2076 2023.2883 80.1111 7 325 89 3717
260.4620 2040.6570 334.1878 13 434 148 4842
568.7582 2005.9197 280.9402 6 102 57 1076
317.5236 2002.6631 156.0060 18 347 170 3838
358.4123 1985.2944 26.0805 9 156 86 1859
239.4188 2023.8311 281.1635 7 519 93 5954
249.8790 1928.3035 379.5462 37 61 282 583
370.2084 2049.8841 208.2322 12 313 117 3526
318.9739 2012.9757 180.5608 8 76 94 815
392.0707 2001.0347 355.8266 24 244 204 2729
566.8163 2014.0612 245.7125 18 571 171 6598
286.9273 1961.9553 172.3838 16 26 146 243
446.7400 1990.4507 287.9814 44 999 462 12395
507.1736 1934.0026 282.4788 27 43 244 390
519.7264 2031.7013 150.6512 6 307 51 3536
468.6130 2023.0169 245.3866 13 485 125 5510
463.8698 2001.3061 373.2958 16 532 124 6428
311.7185 2006.7338 343.2529 9 104 123 1115
287.2307 2031.1585 318.8251 11 444 81 5133
479.6474 1955.1707 175.2826 20 34 166 343
186.2788 1972.5393 297.6194 51 245 504 2796
476.1232 2033.3296 289.4141 12 451 126 5232
484.5588 2050.6982 79.1250 10 14 73 123
208.6066 2020.3031 316.4580 16 624 178 7297
585.0578 1980.1381 209.0340 52 183 490 2012
481.0144 1941.0586 352.3163 30 38 225 347
408.5483 1951.9140 201.2408 23 32 234 329
447.9328 1964.9405 340.7143 52 358 614 3933
437.7908 2029.9373 173.9847 9 437 114 5110
378.7946 1917.0411 80.8750 27 43 232 440
498.4474 2038.6216 211.1911 9 399 92 4539
349.9827 1984.3446 386.5649 48 219 430 2419
200.1762 2006.0554 146.2498 13 543 130 6375
356.4492 1976.7458 9.1236 20 58 222 636
465.3802 1918.1266 102.1364 23 39 201 353
419.7913 1941.4657 222.0811 23 233 211 2543
231.1365 1954.4922 150.2126 12 28 140 228
154.2433 2032.6511 297.9902 6 470 61 5391
310.3105 1987.0584 32.6945 8 366 68 4673
349.5312 1953.4067 12.9586 24 94 255 1056
214.6958 2042.4210 341.0434 11 398 120 4556
199.0127 2025.3237 155.4744 24 41 263 417
193.3967 2010.1261 309.0628 28 215 281 2428
453.7989 1958.0202 227.1900 64 313 655 3581
512.1317 1926.5395 114.0499 15 41 141 377
505.2971 2035.0936 105.9068 15 28 155 276
442.3742 1963.4479 97.7922 10 22 88 216
188.3349 1937.3949 244.4355 24 44 200 421
352.5866 2028.5803 314.1102 30 52 269 518
400.5869 2044.3207 354.7595 8 379 82 4259
472.7394 2026.9520 335.0764 38 60 324 589
279.1056 2015.0111 62.2364 16 319 190 3563
280.9072 2010.6689 387.6856 16 97 110 990
403.5972 2038.8930 103.3064 4 233 52 2686
189.2879 1925.9968 238.8160 33 289 265 3077
253.2503 1960.7341 297.4873 29 192 272 1970
448.6208 2038.4604 108.6267 5 237 53 2792
224.3813 2021.0918 75.6499 8 267 90 3017
443.4098 1999.3810 191.1743 20 518 232 6244
132.7608 1938.5907 192.4801 34 156 240 1651
