374.6859 2031.0487 399.4902 27 24 204 207 1
361.0069 2013.7898 196.7330 22 76 238 618 1
414.7730 1973.1807 122.2736 32 100 325 914 1
153.3786 2001.6071 77.8062 17 1 123 6 1
411.5182 1993.4853 425.8562 42 77 391 690 1
190.8894 1928.7645 278.2029 84 729 803 8220 1
197.5923 2030.2873 82.6489 9 7 80 48 1
225.5515 2040.4395 7.5494 15 9 99 67 1
359.0910 1934.8559 281.6635 75 473 588 5102 1
328.9853 1979.5259 93.8719 30 75 244 660 1
303.3561 2045.5157 8.8102 8 7 79 54 1
404.7650 1985.1096 269.7864 21 253 194 2640 1
296.5495 2016.5817 41.5511 13 127 155 1217 1
316.0529 1935.3635 377.0819 45 389 349 4041 1
285.0890 2036.8862 188.7112 8 322 96 3341 1
336.6878 2022.4827 192.8688 10 374 123 3960 1
439.6682 1970.7061 156.4059 19 53 158 501 1
286.9053 1982.8888 178.6302 29 166 320 1697 1
376.1609 2045.3253 330.6632 32 10 199 89 1
379.8359 1955.9853 272.7558 38 689 357 7579 1
505.6661 1952.9396 315.4959 43 33 295 286 1
259.7172 1993.8025 166.2694 15 161 156 1698 1
160.7911 1945.0716 206.6252 85 1032 838 14500 1
157.4953 1953.1934 166.4120 24 97 189 1024 1
254.5005 2014.1071 379.9188 28 26 241 205 1
398.2496 1975.5284 198.4565 26 67 274 639 1
506.2628 2032.3812 203.7330 5 53 42 453 1
189.0527 1922.7366 203.0945 48 87 486 774 1
380.8043 1990.7568 190.9370 18 175 144 1815 1
333.9967 1944.0564 197.3040 65 26 477 208 1
161.2666 1984.6655 169.3146 20 291 199 3092 1
203.1947 1988.7264 97.2654 31 273 308 2775 1
385.3122 2012.5842 144.0748 16 157 161 1461 1
438.2460 1978.0665 353.8551 34 345 319 3576 1
366.0785 2018.6756 258.9458 8 420 102 4429 1
323.2341 2036.8228 381.3304 26 12 214 99 1
493.0546 2017.5335 392.3061 11 413 108 4492 1
367.4405 2019.5639 165.4219 5 90 71 882 1
422.9913 2012.9649 26.8091 3 12 46 108 1
301.5120 1968.2949 344.8088 23 246 203 2397 1
317.1488 1992.6604 240.8674 40 19 316 151 1
263.8667 1945.1985 157.9921 49 20 325 170 1
380.4433 2038.5994 294.6974 11 325 128 3412 1
364.2898 1926.9244 341.8336 54 138 436 1199 1
230.0233 2036.5690 41.4806 7 5 61 37 1
399.6720 1979.7162 -1.5223 12 25 98 240 1
257.1692 1966.5183 383.0068 36 64 344 601 1
271.5842 1921.8482 373.3078 55 410 453 4269 1
430.9084 1938.0919 39.1583 10 262 80 2918 1
223.7110 1980.7315 309.0891 43 91 389 799 1
265.2828 1919.3102 62.2334 56 609 545 6982 1
366.1586 1998.4979 270.9994 16 164 135 1653 1
196.7147 2014.7416 85.4933 6 74 65 701 1
419.2166 1953.8279 172.5342 40 95 335 831 1
320.9870 1970.0716 318.6695 27 188 215 1969 1
489.8127 1996.0630 191.9734 33 297 278 3046 1
127.9483 2026.5198 140.7458 11 13 98 110 1
132.9813 1977.7889 225.9770 26 238 263 2464 1
336.3156 1934.1341 244.2725 38 91 274 893 1
357.9260 2010.2268 286.5799 12 56 90 680 2
273.8091 1991.6410 382.8204 49 242 474 3024 2
190.7056 1998.1461 227.1210 29 149 325 1853 2
496.6803 1964.4593 241.2316 35 199 346 2568 2
420.3119 1996.9845 377.4477 27 160 274 1971 2
316.0893 2002.3860 75.8438 24 141 318 1774 2
275.7971 1956.8507 236.8821 66 280 718 3722 2
472.1385 1958.2447 244.7366 50 334 571 4298 2
468.6922 2006.5678 337.3884 32 209 363 2551 2
175.5175 1992.3961 180.3103 24 181 249 2311 2
233.7860 2011.9112 79.5341 15 94 180 1191 2
559.7922 2021.2041 174.4442 10 125 87 1691 2
178.9053 2032.2394 246.9362 10 189 108 2432 2
372.6913 2002.5021 9.7252 18 71 176 935 2
447.9499 2011.7950 127.7011 23 126 267 1594 2
226.9912 2025.7344 232.2246 29 271 324 3670 2
238.5842 1992.2799 411.3403 30 166 270 2129 2
231.1566 1992.7446 146.7762 28 177 290 2130 2
126.4396 1998.5526 201.0959 23 63 219 795 2
451.3071 1976.2497 121.1304 10 91 87 1148 2
328.4896 1991.1183 42.1871 9 69 109 902 2
354.8831 1985.0779 245.6120 50 383 534 5446 2
357.0601 2009.2395 127.2880 3 43 28 518 2
170.2672 2030.6131 210.6733 16 87 141 1033 2
481.5761 1939.0911 281.6556 27 43 264 407 3
524.9064 1917.3803 274.8696 42 59 318 566 3
286.9654 1960.8019 83.9428 48 181 620 1988 3
468.0451 1966.2296 50.9263 24 73 191 822 3
263.5963 1940.1766 31.1005 13 92 104 1036 3
106.4030 2027.0199 232.6071 21 44 281 422 3
498.4093 2013.9934 286.3414 16 586 164 6845 3
305.5287 2003.4094 -10.6870 11 161 116 1940 3
436.8661 2020.7780 215.4061 15 536 158 6319 3
454.2938 2009.9226 200.1700 8 89 55 933 3
464.8947 2001.2383 64.4383 2 259 50 3310 3
188.4970 1943.7046 288.9531 54 228 453 2456 3
360.4827 2021.8635 305.9051 17 586 137 6835 3
328.6761 2039.2322 301.2743 11 378 138 4321 3
201.7177 1921.9938 122.3753 21 59 172 592 3
275.1564 2000.1527 189.6153 10 153 111 1675 3
429.0458 1950.2179 216.3084 23 30 183 305 3
516.9020 2037.0611 177.7937 8 295 90 3376 3
394.4547 1952.9317 61.7374 52 291 602 3325 3
295.9203 1957.2739 413.6659 19 38 162 356 3
242.3831 2009.3798 329.4390 18 83 170 868 3
223.0396 1937.7342 210.4276 26 250 229 2631 3
182.5579 1955.1028 247.4258 16 201 145 2136 3
399.0404 1963.7871 163.0765 13 16 86 163 3
334.6914 2046.2882 51.4458 16 18 171 179 3
205.7203 1993.0967 221.2695 9 99 73 1084 3
241.1088 1969.2148 371.0058 56 306 555 3389 3
455.1950 1956.1884 71.7370 11 18 81 180 3
346.9818 2042.8280 254.8394 25 35 303 347 3
420.3495 1923.4186 351.2233 73 321 582 3543 3
149.7451 2018.9462 264.1257 10 557 113 6535 3
265.2076 2023.2883 80.1111 7 325 89 3717 3
260.4620 2040.6570 334.1878 13 434 148 4842 3
568.7582 2005.9197 280.9402 6 102 57 1076 3
317.5236 2002.6631 156.0060 18 347 170 3838 3
358.4123 1985.2944 26.0805 9 156 86 1859 3
239.4188 2023.8311 281.1635 7 519 93 5954 3
249.8790 1928.3035 379.5462 37 61 282 583 3
370.2084 2049.8841 208.2322 12 313 117 3526 3
318.9739 2012.9757 180.5608 8 76 94 815 3
392.0707 2001.0347 355.8266 24 244 204 2729 3
566.8163 2014.0612 245.7125 18 571 171 6598 3
286.9273 1961.9553 172.3838 16 26 146 243 3
446.7400 1990.4507 287.9814 44 999 462 12395 3
507.1736 1934.0026 282.4788 27 43 244 390 3
519.7264 2031.7013 150.6512 6 307 51 3536 3
468.6130 2023.0169 245.3866 13 485 125 5510 3
463.8698 2001.3061 373.2958 16 532 124 6428 3
311.7185 2006.7338 343.2529 9 104 123 1115 3
287.2307 2031.1585 318.8251 11 444 81 5133 3
479.6474 1955.1707 175.2826 20 34 166 343 3
186.2788 1972.5393 297.6194 51 245 504 2796 3
476.1232 2033.3296 289.4141 12 451 126 5232 3
484.5588 2050.6982 79.1250 10 14 73 123 3
208.6066 2020.3031 316.4580 16 624 178 7297 3
585.0578 1980.1381 209.0340 52 183 490 2012 3
481.0144 1941.0586 352.3163 30 38 225 347 3
408.5483 1951.9140 201.2408 23 32 234 329 3
447.9328 1964.9405 340.7143 52 358 614 3933 3
437.7908 2029.9373 173.9847 9 437 114 5110 3
378.7946 1917.0411 80.8750 27 43 232 440 3
498.4474 2038.6216 211.1911 9 399 92 4539 3
349.9827 1984.3446 386.5649 48 219 430 2419 3
200.1762 2006.0554 146.2498 13 543 130 6375 3
356.4492 1976.7458 9.1236 20 58 222 636 3
465.3802 1918.1266 102.1364 23 39 201 353 3
419.7913 1941.4657 222.0811 23 233 211 2543 3
231.1365 1954.4922 150.2126 12 28 140 228 3
154.2433 2032.6511 297.9902 6 470 61 5391 3
310.3105 1987.0584 32.6945 8 366 68 4673 3
349.5312 1953.4067 12.9586 24 94 255 1056 3
214.6958 2042.4210 341.0434 11 398 120 4556 3
199.0127 2025.3237 155.4744 24 41 263 417 3
193.3967 2010.1261 309.0628 28 215 281 2428 3
453.7989 1958.0202 227.1900 64 313 655 3581 3
512.1317 1926.5395 114.0499 15 41 141 377 3
505.2971 2035.0936 105.9068 15 28 155 276 3
442.3742 1963.4479 97.7922 10 22 88 216 3
188.3349 1937.3949 244.4355 24 44 200 421 3
352.5866 2028.5803 314.1102 30 52 269 518 3
400.5869 2044.3207 354.7595 8 379 82 4259 3
472.7394 2026.9520 335.0764 38 60 324 589 3
279.1056 2015.0111 62.2364 16 319 190 3563 3
280.9072 2010.6689 387.6856 16 97 110 990 3
403.5972 2038.8930 103.3064 4 233 52 2686 3
189.2879 1925.9968 238.8160 33 289 265 3077 3
253.2503 1960.7341 297.4873 29 192 272 1970 3
448.6208 2038.4604 108.6267 5 237 53 2792 3
224.3813 2021.0918 75.6499 8 267 90 3017 3
443.4098 1999.3810 191.1743 20 518 232 6244 3
132.7608 1938.5907 192.4801 34 156 240 1651 3
289.9732 1974.8281 113.7201 9 223 100 3320 4
534.8041 1995.9147 74.2914 5 39 61 505 4
362.5029 1996.2075 31.8236 22 66 208 856 4
436.8461 2066.4962 414.4511 10 23 102 277 4
363.2756 1964.5776 387.5341 9 137 73 1856 4
216.3782 1983.3213 -21.2136 3 15 22 215 4
244.7997 2053.6100 91.9516 3 47 11 621 4
308.7708 2041.8952 246.2611 12 21 137 286 4
474.7300 2055.9529 200.9739 8 23 59 300 4
440.9827 1962.2347 369.1773 18 160 169 2188 4
297.4170 1997.9648 146.7986 26 85 256 1142 4
542.1717 1992.1074 153.4914 4 48 37 611 4
478.4298 1926.5046 53.9861 5 110 51 1686 4
490.0769 2015.5369 183.9749 12 190 101 2456 4
301.2776 2043.4327 364.1655 11 40 110 530 4
343.3682 2057.4905 136.7646 2 91 17 1156 4
445.6101 1973.1441 144.0916 10 97 116 1328 4
326.0154 2017.6602 291.6595 7 135 71 1854 4
460.7285 1939.1712 277.0669 74 974 741 17572 4
505.5227 2051.6331 136.9436 7 28 58 392 4
386.0792 1941.5142 139.4716 6 260 38 3929 4
315.5027 1974.3155 393.9277 54 951 524 17685 4
248.6771 2008.8741 112.2427 25 436 261 7649 4
278.7365 2018.2460 187.8454 18 136 218 1883 4
294.3721 1931.5566 111.4830 57 754 666 14088 4
214.4655 2053.3903 107.9642 6 23 46 319 4
487.7904 2063.9336 339.1954 2 69 18 814 4
289.0675 2049.8759 30.4410 1 38 2 459 4
173.8748 2000.6738 132.0293 10 164 89 2205 4
472.0019 2043.1399 282.6498 12 52 110 677 4
251.3538 2000.9667 95.8865 4 66 33 927 4
218.4486 2058.3691 141.1929 5 19 59 231 4
481.8518 2039.6254 54.3857 4 88 36 1162 4
555.2111 2034.9395 248.0253 2 161 27 2131 4
309.6319 1966.9938 94.7195 67 400 744 6946 4
560.3495 2030.8394 221.4996 1 120 7 1813 4
527.8400 1932.4352 235.1669 26 229 275 3158 4
281.8997 1945.3215 293.0320 23 276 196 4130 4
347.5902 2015.4637 237.6988 24 187 251 2618 4
379.2426 1970.9475 239.0414 10 141 89 1936 4
359.4570 1933.4603 5.2135 39 415 408 7726 4
461.1805 1956.8898 360.0400 21 301 196 4029 4
126.5886 2049.4366 214.5968 9 23 120 295 4
531.9016 1971.5333 227.7236 39 118 359 1614 4
426.5945 2055.8797 178.1571 7 25 59 312 4
270.6203 1919.9883 207.2943 56 344 563 5393 4
302.3827 1931.7030 322.0174 26 426 208 7013 4
346.5048 1970.3618 59.2120 9 103 79 1372 4
376.5355 1989.1055 268.4428 10 243 81 3263 4
336.9904 2047.6793 151.5045 11 32 119 396 4
389.9947 2066.4230 238.3536 4 27 41 328 4
325.5159 1921.1597 165.1645 14 191 142 2706 4
361.2651 1926.1385 304.1134 69 969 595 17416 4
457.9942 1970.6547 396.3203 12 89 65 1144 4
411.1829 1933.1674 322.2587 36 449 324 6956 4
238.5857 1992.9128 323.0098 4 208 34 2877 4
187.4786 2060.8585 115.3964 2 82 20 988 4
217.5479 2051.4866 301.8567 14 25 116 370 4
531.4860 1937.2676 271.5234 9 312 120 4653 4
410.2069 1932.5817 348.2764 28 460 248 7299 4
397.9589 1995.8415 99.5422 11 179 119 2419 4
181.0866 1957.1827 227.4655 62 825 741 14626 4
508.3071 2006.3848 132.0636 18 41 185 552 4
522.7296 1987.6411 179.1848 6 47 61 606 4
228.8345 1940.7820 238.6205 24 381 229 5978 4
493.7136 1956.7159 226.2403 105 483 1245 8339 4
287.3042 2022.3187 298.3985 5 145 40 1965 4
367.4343 2059.8060 393.0175 7 86 76 1101 4
236.4138 1952.0300 361.9765 56 361 558 5507 4
221.1573 1963.7448 40.1031 33 527 419 9638 4
159.6780 1977.8025 212.4562 1 245 4 3600 4
339.6618 2011.5601 49.8001 17 39 214 427 5
407.9886 2035.0782 382.3775 16 7 202 81 5
260.6506 1947.4490 130.6242 54 229 469 2573 5
404.3767 2058.2742 307.0756 3 59 37 615 5
446.2487 2013.1709 181.4800 3 21 32 238 5
345.1730 2028.6349 248.2307 3 143 22 1568 5
325.5805 1918.4540 309.1214 43 329 404 3876 5
493.4676 2011.2379 338.8758 23 142 268 1557 5
260.4190 2057.6299 19.0439 5 8 42 77 5
395.4267 2033.1452 200.7708 13 7 157 64 5
491.6604 2015.1039 2.0352 0 6 0 58 5
369.6127 2053.5222 46.5455 3 7 26 72 5
440.7590 2034.1923 36.5076 3 9 36 83 5
184.7107 1964.6043 141.4665 14 134 118 1566 5
190.5928 2057.3882 190.5197 2 10 13 116 5
267.6901 2072.8522 71.0700 0 4 0 46 5
288.4359 2002.6200 79.6353 23 13 227 131 5
470.7438 1957.5167 114.3337 14 209 165 2332 5
291.3543 2029.6819 289.2396 21 39 214 407 5
350.3730 1921.4341 393.7249 30 395 167 4951 5
237.4705 2076.0739 -2.7719 0 1 0 9 5
366.1594 2081.5507 380.3762 1 6 3 59 5
387.3359 1919.1789 93.6327 9 56 63 587 5
199.2853 1944.9522 268.0436 62 349 595 3896 5
342.1345 1965.5708 287.8483 57 36 572 326 5
202.3965 2037.7361 157.7867 19 8 183 74 5
461.9096 2058.3547 111.4114 1 7 3 50 5
353.0672 2005.5195 425.6018 13 38 131 395 5
237.6874 1987.4782 356.9631 38 216 439 2268 5
370.0639 1949.4625 67.5250 11 54 115 532 5
141.8462 1977.8132 261.1345 21 61 172 652 5
420.2784 2022.9164 411.4375 9 19 103 207 5
214.7285 2079.6177 140.4166 0 2 0 16 5
212.2880 2040.7967 202.7373 16 71 181 739 5
473.2711 2012.4460 64.3487 11 93 125 1081 5
248.0707 2053.6833 119.4355 1 10 6 101 5
464.7068 2002.1367 325.3760 10 113 77 1220 5
514.3217 2008.5800 167.3528 5 89 44 962 5
329.2578 2026.6214 106.6944 2 64 22 761 5
289.7790 2057.5493 85.7945 1 8 9 85 5
251.2865 2011.1574 343.8150 37 174 383 1828 5
318.1289 2077.5236 104.5137 1 3 12 25 5
267.9175 1984.7397 349.5052 18 199 156 2168 5
415.1635 1955.1004 336.9146 15 377 112 4403 5
446.5852 1981.1959 87.5657 6 25 60 255 5
490.5620 2001.1702 318.0125 13 31 108 316 5
361.2817 1996.0156 82.3294 25 16 331 129 5
266.4783 2029.5209 135.9255 3 14 13 168 5
197.9971 1956.0669 330.6565 26 267 273 3012 5
443.9593 2007.6135 403.3085 7 156 104 1739 5
524.8551 1981.3268 268.4737 4 38 44 403 5
217.2518 2030.2961 350.0886 10 27 84 257 5
384.3748 1943.2416 297.6762 120 111 883 1008 6
409.0513 1918.4539 130.6549 66 98 568 1060 6
230.2087 2030.5376 266.3385 0 40 0 386 6
379.2042 2013.5634 216.3590 15 69 135 665 6
175.9429 2016.7966 243.7529 3 45 19 434 6
419.1928 1937.0447 136.2317 95 115 779 1091 6
414.6008 1971.5320 149.8461 13 50 141 497 6
298.3165 2038.8900 203.8272 12 258 148 2922 6
200.2975 2047.5118 300.3474 3 18 21 151 6
333.7906 1948.3608 176.8140 8 160 69 1585 6
400.8420 1985.0036 228.2244 23 39 179 346 6
340.7201 1962.3713 -6.1001 15 42 156 416 6
170.2713 2044.0765 160.6594 2 8 36 71 6
349.4688 1993.4233 165.3279 19 35 174 307 6
186.0665 1971.3299 253.0089 10 119 66 1195 6
442.8993 1991.8067 403.1154 9 33 97 325 6
519.7189 1974.8325 221.8573 26 32 285 285 6
154.7118 2012.5530 208.7501 18 8 191 71 6
345.9449 1965.1330 193.8279 26 361 266 4205 6
398.1830 2051.8901 22.7438 2 6 10 45 6
409.7670 1920.4073 59.4039 42 37 329 337 6
398.6233 1998.0037 168.4296 23 26 202 236 6
469.5110 1919.3295 215.7261 22 44 168 419 6
433.5776 2046.5014 250.8619 2 31 23 318 6
251.9211 2029.2578 51.6461 0 20 0 226 6
304.1457 1990.4596 45.4491 19 6 233 52 6
218.2293 2009.7240 80.5231 9 24 68 247 6
292.2733 1933.2053 414.0043 22 78 183 789 6
227.8424 2015.1126 184.1409 1 31 11 282 6
197.7062 2049.5999 103.8613 5 11 50 88 6
492.2207 2012.9572 139.9853 1 22 6 187 6
444.6413 2038.2838 123.7157 9 244 77 2736 6
505.3716 1991.9415 257.6854 25 350 222 4268 6
483.7329 2043.6724 240.7505 5 21 43 184 6
385.7732 2039.3615 85.3424 5 276 45 3031 6
240.7666 2030.7397 14.8037 4 6 52 60 6
343.6788 1942.3660 172.2647 14 75 114 725 6
301.0658 2031.0091 318.3989 14 269 133 2954 6
181.7565 1932.9359 161.0150 24 82 227 829 6
517.0282 2021.8484 348.8830 13 296 93 3310 6
275.4981 1972.2729 93.5302 18 68 142 711 6
322.9416 1929.1638 291.3164 41 45 317 391 6
206.3544 1992.3203 292.8398 9 37 89 323 6
