384.3748 1943.2416 297.6762 120 111 883 1008
409.0513 1918.4539 130.6549 66 98 568 1060
230.2087 2030.5376 266.3385 0 40 0 386
379.2042 2013.5634 216.3590 15 69 135 665
175.9429 2016.7966 243.7529 3 45 19 434
419.1928 1937.0447 136.2317 95 115 779 1091
414.6008 1971.5320 149.8461 13 50 141 497
298.3165 2038.8900 203.8272 12 258 148 2922
200.2975 2047.5118 300.3474 3 18 21 151
333.7906 1948.3608 176.8140 8 160 69 1585
400.8420 1985.0036 228.2244 23 39 179 346
340.7201 1962.3713 -6.1001 15 42 156 416
170.2713 2044.0765 160.6594 2 8 36 71
349.4688 1993.4233 165.3279 19 35 174 307
186.0665 1971.3299 253.0089 10 119 66 1195
442.8993 1991.8067 403.1154 9 33 97 325
519.7189 1974.8325 221.8573 26 32 285 285
154.7118 2012.5530 208.7501 18 8 191 71
345.9449 1965.1330 193.8279 26 361 266 4205
398.1830 2051.8901 22.7438 2 6 10 45
409.7670 1920.4073 59.4039 42 37 329 337
398.6233 1998.0037 168.4296 23 26 202 236
469.5110 1919.3295 215.7261 22 44 168 419
433.5776 2046.5014 250.8619 2 31 23 318
251.9211 2029.2578 51.6461 0 20 0 226
304.1457 1990.4596 45.4491 19 6 233 52
218.2293 2009.7240 80.5231 9 24 68 247
292.2733 1933.2053 414.0043 22 78 183 789
227.8424 2015.1126 184.1409 1 31 11 282
197.7062 2049.5999 103.8613 5 11 50 88
492.2207 2012.9572 139.9853 1 22 6 187
444.6413 2038.2838 123.7157 9 244 77 2736
505.3716 1991.9415 257.6854 25 350 222 4268
483.7329 2043.6724 240.7505 5 21 43 184
385.7732 2039.3615 85.3424 5 276 45 3031
240.7666 2030.7397 14.8037 4 6 52 60
343.6788 1942.3660 172.2647 14 75 114 725
301.0658 2031.0091 318.3989 14 269 133 2954
181.7565 1932.9359 161.0150 24 82 227 829
517.0282 2021.8484 348.8830 13 296 93 3310
275.4981 1972.2729 93.5302 18 68 142 711
322.9416 1929.1638 291.3164 41 45 317 391
206.3544 1992.3203 292.8398 9 37 89 323
