0 0 L1_DAC:L1_DAC 32.5 32.7 50.0 -0.61 -0.20 28.0 37.0
0 1 L1_DAC:L1_DLAC 12.5 13.7 125.0 -8.76 -1.20 11.0 14.0
0 2 L1_DAC:L1_HAC 35.5 39.1 125.0 -9.21 -3.60 32.0 39.0
0 3 L1_DAC:L1_NGC-DA 22.0 24.4 50.0 -9.84 -2.40 19.0 25.0
0 4 L1_DAC:L1_NGC-SA 15.0 20.9 75.0 -28.23 -5.90 14.0 16.0
0 5 L1_DAC:L1_SLAC 17.0 17.0 75.0 0.00 0.00 17.0 17.0
0 7 L1_DAC:L23_BTC 48.0 44.7 150.0 7.38 3.30 47.0 49.0
0 8 L1_DAC:L23_ChC 22.0 23.9 125.0 -7.95 -1.90 19.0 25.0
0 9 L1_DAC:L23_DBC 38.5 32.6 125.0 18.10 5.90 38.0 39.0
0 10 L1_DAC:L23_LBC 149.5 137.7 75.0 8.57 11.80 142.0 157.0
0 11 L1_DAC:L23_MC 211.5 212.7 125.0 -0.56 -1.20 211.0 212.0
0 12 L1_DAC:L23_NBC 108.5 95.4 100.0 13.73 13.10 101.0 116.0
0 15 L1_DAC:L23_SBC 63.0 50.3 125.0 25.25 12.70 53.0 73.0
0 20 L1_DAC:L4_LBC 10.5 6.0 75.0 75.00 4.50 10.0 11.0
1 0 L1_DLAC:L1_DAC 13.0 17.0 150.0 -23.53 -4.00 13.0 13.0
1 2 L1_DLAC:L1_HAC 20.0 20.1 100.0 -0.50 -0.10 14.0 26.0
1 3 L1_DLAC:L1_NGC-DA 16.0 14.1 75.0 13.48 1.90 15.0 17.0
1 7 L1_DLAC:L23_BTC 16.5 14.7 150.0 12.24 1.80 15.0 18.0
1 8 L1_DLAC:L23_ChC 15.5 11.9 125.0 30.25 3.60 15.0 16.0
1 10 L1_DLAC:L23_LBC 56.0 48.9 75.0 14.52 7.10 48.0 64.0
1 11 L1_DLAC:L23_MC 93.5 86.9 100.0 7.59 6.60 93.0 94.0
1 12 L1_DLAC:L23_NBC 38.5 35.3 100.0 9.07 3.20 34.0 43.0
1 15 L1_DLAC:L23_SBC 22.0 21.4 100.0 2.80 0.60 21.0 23.0
2 0 L1_HAC:L1_DAC 83.5 79.3 100.0 5.30 4.20 73.0 94.0
2 1 L1_HAC:L1_DLAC 35.5 36.3 50.0 -2.20 -0.80 32.0 39.0
2 2 L1_HAC:L1_HAC 112.5 108.4 150.0 3.78 4.10 110.0 115.0
2 3 L1_HAC:L1_NGC-DA 66.5 70.1 125.0 -5.14 -3.60 66.0 67.0
2 4 L1_HAC:L1_NGC-SA 54.0 46.7 50.0 15.63 7.30 49.0 59.0
2 5 L1_HAC:L1_SLAC 47.5 41.3 100.0 15.01 6.20 42.0 53.0
2 7 L1_HAC:L23_BTC 76.0 67.9 125.0 11.93 8.10 73.0 79.0
2 8 L1_HAC:L23_ChC 58.0 45.9 100.0 26.36 12.10 51.0 65.0
2 9 L1_HAC:L23_DBC 44.5 48.3 150.0 -7.87 -3.80 43.0 46.0
2 10 L1_HAC:L23_LBC 193.5 163.3 100.0 18.49 30.20 187.0 200.0
2 11 L1_HAC:L23_MC 360.5 331.3 150.0 8.81 29.20 344.0 377.0
2 12 L1_HAC:L23_NBC 105.5 101.1 100.0 4.35 4.40 104.0 107.0
2 13 L1_HAC:L23_NGC 11.0 12.7 75.0 -13.39 -1.70 10.0 12.0
2 15 L1_HAC:L23_SBC 57.5 59.4 100.0 -3.20 -1.90 51.0 64.0
3 0 L1_NGC-DA:L1_DAC 54.0 48.0 50.0 12.50 6.00 52.0 56.0
3 1 L1_NGC-DA:L1_DLAC 15.5 17.0 12.5 -8.82 -1.50 12.0 19.0
3 2 L1_NGC-DA:L1_HAC 67.5 61.9 50.0 9.05 5.60 66.0 69.0
3 3 L1_NGC-DA:L1_NGC-DA 35.0 37.9 25.0 -7.65 -2.90 32.0 38.0
3 4 L1_NGC-DA:L1_NGC-SA 32.0 25.9 12.5 23.55 6.10 28.0 36.0
3 5 L1_NGC-DA:L1_SLAC 24.5 21.7 12.5 12.90 2.80 23.0 26.0
3 7 L1_NGC-DA:L23_BTC 39.5 46.6 100.0 -15.24 -7.10 33.0 46.0
3 8 L1_NGC-DA:L23_ChC 43.0 29.7 25.0 44.78 13.30 38.0 48.0
3 9 L1_NGC-DA:L23_DBC 22.0 29.0 50.0 -24.14 -7.00 20.0 24.0
3 10 L1_NGC-DA:L23_LBC 129.5 126.3 75.0 2.53 3.20 119.0 140.0
3 11 L1_NGC-DA:L23_MC 226.5 231.6 125.0 -2.20 -5.10 218.0 235.0
3 12 L1_NGC-DA:L23_NBC 99.0 89.9 75.0 10.12 9.10 97.0 101.0
3 13 L1_NGC-DA:L23_NGC 10.5 11.0 25.0 -4.55 -0.50 10.0 11.0
3 15 L1_NGC-DA:L23_SBC 50.5 46.0 75.0 9.78 4.50 48.0 53.0
4 0 L1_NGC-SA:L1_DAC 16.0 19.1 12.5 -16.23 -3.10 16.0 16.0
4 2 L1_NGC-SA:L1_HAC 23.0 24.7 50.0 -6.88 -1.70 19.0 27.0
4 3 L1_NGC-SA:L1_NGC-DA 15.0 15.1 25.0 -0.66 -0.10 14.0 16.0
4 7 L1_NGC-SA:L23_BTC 15.5 15.7 75.0 -1.27 -0.20 11.0 20.0
4 9 L1_NGC-SA:L23_DBC 15.0 13.0 50.0 15.38 2.00 11.0 19.0
4 10 L1_NGC-SA:L23_LBC 42.5 39.9 125.0 6.52 2.60 40.0 45.0
4 11 L1_NGC-SA:L23_MC 85.0 81.1 150.0 4.81 3.90 75.0 95.0
4 12 L1_NGC-SA:L23_NBC 40.0 30.6 50.0 30.72 9.40 38.0 42.0
4 15 L1_NGC-SA:L23_SBC 21.0 17.6 75.0 19.32 3.40 21.0 21.0
5 0 L1_SLAC:L1_DAC 18.0 15.9 75.0 13.21 2.10 12.0 24.0
5 2 L1_SLAC:L1_HAC 16.5 17.0 12.5 -2.94 -0.50 16.0 17.0
5 7 L1_SLAC:L23_BTC 19.5 13.7 125.0 42.34 5.80 16.0 23.0
5 10 L1_SLAC:L23_LBC 43.0 36.7 50.0 17.17 6.30 37.0 49.0
5 11 L1_SLAC:L23_MC 92.5 70.3 100.0 31.58 22.20 89.0 96.0
5 12 L1_SLAC:L23_NBC 36.0 26.3 125.0 36.88 9.70 23.0 49.0
5 15 L1_SLAC:L23_SBC 18.5 14.9 25.0 24.16 3.60 13.0 24.0
7 0 L23_BTC:L1_DAC 25.5 26.6 125.0 -4.14 -1.10 21.0 30.0
7 2 L23_BTC:L1_HAC 22.5 22.4 50.0 0.45 0.10 21.0 24.0
7 3 L23_BTC:L1_NGC-DA 23.5 17.3 12.5 35.84 6.20 19.0 28.0
7 4 L23_BTC:L1_NGC-SA 15.0 11.6 25.0 29.31 3.40 14.0 16.0
7 5 L23_BTC:L1_SLAC 10.5 12.0 75.0 -12.50 -1.50 10.0 11.0
7 7 L23_BTC:L23_BTC 109.0 112.6 75.0 -3.20 -3.60 97.0 121.0
7 8 L23_BTC:L23_ChC 61.5 57.6 12.5 6.77 3.90 61.0 62.0
7 9 L23_BTC:L23_DBC 94.5 93.1 12.5 1.50 1.40 92.0 97.0
7 10 L23_BTC:L23_LBC 504.5 460.3 75.0 9.60 44.20 494.0 515.0
7 11 L23_BTC:L23_MC 427.0 393.1 75.0 8.62 33.90 403.0 451.0
7 12 L23_BTC:L23_NBC 326.5 298.0 75.0 9.56 28.50 322.0 331.0
7 13 L23_BTC:L23_NGC 33.5 36.7 50.0 -8.72 -3.20 30.0 37.0
7 15 L23_BTC:L23_SBC 139.0 134.3 12.5 3.50 4.70 133.0 145.0
7 17 L23_BTC:L4_BTC 16.0 15.4 50.0 3.90 0.60 15.0 17.0
7 19 L23_BTC:L4_DBC 20.5 18.3 50.0 12.02 2.20 18.0 23.0
7 20 L23_BTC:L4_LBC 92.5 97.9 100.0 -5.52 -5.40 92.0 93.0
7 21 L23_BTC:L4_MC 107.5 109.4 50.0 -1.74 -1.90 107.0 108.0
7 22 L23_BTC:L4_NBC 88.5 75.6 75.0 17.06 12.90 86.0 91.0
7 25 L23_BTC:L4_SBC 48.5 43.7 100.0 10.98 4.80 46.0 51.0
9 0 L23_DBC:L1_DAC 22.5 22.9 50.0 -1.75 -0.40 21.0 24.0
9 2 L23_DBC:L1_HAC 15.0 16.9 50.0 -11.24 -1.90 11.0 19.0
9 3 L23_DBC:L1_NGC-DA 12.0 10.6 100.0 13.21 1.40 12.0 12.0
9 7 L23_DBC:L23_BTC 116.5 105.3 50.0 10.64 11.20 114.0 119.0
9 8 L23_DBC:L23_ChC 60.0 50.7 12.5 18.34 9.30 57.0 63.0
9 9 L23_DBC:L23_DBC 73.5 75.3 12.5 -2.39 -1.80 73.0 74.0
9 10 L23_DBC:L23_LBC 509.0 444.9 12.5 14.41 64.10 508.0 510.0
9 11 L23_DBC:L23_MC 426.5 386.6 12.5 10.32 39.90 418.0 435.0
9 12 L23_DBC:L23_NBC 312.5 290.1 12.5 7.72 22.40 297.0 328.0
9 13 L23_DBC:L23_NGC 28.5 32.0 12.5 -10.94 -3.50 28.0 29.0
9 15 L23_DBC:L23_SBC 159.0 135.9 12.5 17.00 23.10 151.0 167.0
9 17 L23_DBC:L4_BTC 20.5 18.7 12.5 9.63 1.80 13.0 28.0
9 18 L23_DBC:L4_ChC 11.0 11.0 12.5 0.00 0.00 9.0 13.0
9 19 L23_DBC:L4_DBC 26.5 20.7 12.5 28.02 5.80 25.0 28.0
9 20 L23_DBC:L4_LBC 152.0 142.7 50.0 6.52 9.30 149.0 155.0
9 21 L23_DBC:L4_MC 157.0 150.9 50.0 4.04 6.10 148.0 166.0
9 22 L23_DBC:L4_NBC 110.0 108.1 50.0 1.76 1.90 107.0 113.0
9 25 L23_DBC:L4_SBC 65.0 59.0 50.0 10.17 6.00 63.0 67.0
10 0 L23_LBC:L1_DAC 114.0 100.0 50.0 14.00 14.00 101.0 127.0
10 1 L23_LBC:L1_DLAC 36.0 32.4 75.0 11.11 3.60 34.0 38.0
10 2 L23_LBC:L1_HAC 112.5 93.9 25.0 19.81 18.60 101.0 124.0
10 3 L23_LBC:L1_NGC-DA 72.0 63.1 50.0 14.10 8.90 65.0 79.0
10 4 L23_LBC:L1_NGC-SA 50.5 42.1 50.0 19.95 8.40 47.0 54.0
10 5 L23_LBC:L1_SLAC 31.0 36.3 50.0 -14.60 -5.30 31.0 31.0
10 6 L23_LBC:L23_BP 28.0 14.9 125.0 87.92 13.10 21.0 35.0
10 7 L23_LBC:L23_BTC 288.0 272.4 12.5 5.73 15.60 272.0 304.0
10 8 L23_LBC:L23_ChC 148.5 142.1 12.5 4.50 6.40 144.0 153.0
10 9 L23_LBC:L23_DBC 232.0 227.4 12.5 2.02 4.60 213.0 251.0
10 10 L23_LBC:L23_LBC 1455.5 1305.7 50.0 11.47 149.80 1420.0 1491.0
10 11 L23_LBC:L23_MC 1294.0 1159.1 12.5 11.64 134.90 1266.0 1322.0
10 12 L23_LBC:L23_NBC 875.0 738.3 12.5 18.52 136.70 852.0 898.0
10 13 L23_LBC:L23_NGC 106.5 99.6 12.5 6.93 6.90 106.0 107.0
10 15 L23_LBC:L23_SBC 474.0 401.0 12.5 18.20 73.00 469.0 479.0
10 17 L23_LBC:L4_BTC 29.0 24.6 12.5 17.89 4.40 25.0 33.0
10 18 L23_LBC:L4_ChC 13.0 11.1 125.0 17.12 1.90 12.0 14.0
10 19 L23_LBC:L4_DBC 35.0 27.7 12.5 26.35 7.30 34.0 36.0
10 20 L23_LBC:L4_LBC 141.5 143.7 12.5 -1.53 -2.20 141.0 142.0
10 21 L23_LBC:L4_MC 140.0 146.4 12.5 -4.37 -6.40 127.0 153.0
10 22 L23_LBC:L4_NBC 145.5 114.9 125.0 26.63 30.60 142.0 149.0
10 25 L23_LBC:L4_SBC 65.5 61.1 12.5 7.20 4.40 64.0 67.0
11 0 L23_MC:L1_DAC 258.5 264.7 125.0 -2.34 -6.20 247.0 270.0
11 1 L23_MC:L1_DLAC 99.5 103.1 100.0 -3.49 -3.60 86.0 113.0
11 2 L23_MC:L1_HAC 321.5 298.3 150.0 7.78 23.20 317.0 326.0
11 3 L23_MC:L1_NGC-DA 192.5 187.6 75.0 2.61 4.90 185.0 200.0
11 4 L23_MC:L1_NGC-SA 140.5 133.7 100.0 5.09 6.80 134.0 147.0
11 5 L23_MC:L1_SLAC 115.5 118.9 125.0 -2.86 -3.40 113.0 118.0
11 6 L23_MC:L23_BP 23.0 23.3 75.0 -1.29 -0.30 17.0 29.0
11 7 L23_MC:L23_BTC 559.0 478.6 12.5 16.80 80.40 539.0 579.0
11 8 L23_MC:L23_ChC 302.5 277.9 50.0 8.85 24.60 273.0 332.0
11 9 L23_MC:L23_DBC 423.5 379.4 12.5 11.62 44.10 408.0 439.0
11 10 L23_MC:L23_LBC 2145.5 1883.6 50.0 13.90 261.90 2077.0 2214.0
11 11 L23_MC:L23_MC 2531.0 2326.1 25.0 8.81 204.90 2525.0 2537.0
11 12 L23_MC:L23_NBC 1408.0 1276.3 50.0 10.32 131.70 1397.0 1419.0
11 13 L23_MC:L23_NGC 168.0 163.3 12.5 2.88 4.70 161.0 175.0
11 15 L23_MC:L23_SBC 662.0 629.3 50.0 5.20 32.70 653.0 671.0
11 17 L23_MC:L4_BTC 22.5 18.6 50.0 20.97 3.90 21.0 24.0
11 18 L23_MC:L4_ChC 11.0 9.6 125.0 14.58 1.40 9.0 13.0
11 19 L23_MC:L4_DBC 31.0 33.4 50.0 -7.19 -2.40 30.0 32.0
11 20 L23_MC:L4_LBC 154.0 143.6 50.0 7.24 10.40 148.0 160.0
11 21 L23_MC:L4_MC 167.0 153.0 50.0 9.15 14.00 159.0 175.0
11 22 L23_MC:L4_NBC 121.0 108.7 50.0 11.32 12.30 120.0 122.0
11 25 L23_MC:L4_SBC 75.5 66.6 12.5 13.36 8.90 72.0 79.0
12 0 L23_NBC:L1_DAC 80.5 76.7 12.5 4.95 3.80 80.0 81.0
12 1 L23_NBC:L1_DLAC 25.5 26.3 100.0 -3.04 -0.80 20.0 31.0
12 2 L23_NBC:L1_HAC 85.0 67.0 12.5 26.87 18.00 83.0 87.0
12 3 L23_NBC:L1_NGC-DA 46.5 38.1 125.0 22.05 8.40 45.0 48.0
12 4 L23_NBC:L1_NGC-SA 24.0 23.3 100.0 3.00 0.70 22.0 26.0
12 5 L23_NBC:L1_SLAC 33.0 28.3 12.5 16.61 4.70 30.0 36.0
12 6 L23_NBC:L23_BP 15.5 12.9 100.0 20.16 2.60 10.0 21.0
12 7 L23_NBC:L23_BTC 250.0 230.4 50.0 8.51 19.60 246.0 254.0
12 8 L23_NBC:L23_ChC 138.5 128.0 50.0 8.20 10.50 113.0 164.0
12 9 L23_NBC:L23_DBC 214.0 193.1 12.5 10.82 20.90 206.0 222.0
12 10 L23_NBC:L23_LBC 1192.5 973.4 12.5 22.51 219.10 1192.0 1193.0
12 11 L23_NBC:L23_MC 1069.0 1013.7 100.0 5.46 55.30 1043.0 1095.0
12 12 L23_NBC:L23_NBC 686.5 637.0 50.0 7.77 49.50 659.0 714.0
12 13 L23_NBC:L23_NGC 77.0 75.9 50.0 1.45 1.10 76.0 78.0
12 15 L23_NBC:L23_SBC 309.0 292.1 50.0 5.79 16.90 295.0 323.0
12 17 L23_NBC:L4_BTC 11.5 15.9 75.0 -27.67 -4.40 11.0 12.0
12 19 L23_NBC:L4_DBC 20.0 19.3 125.0 3.63 0.70 20.0 20.0
12 20 L23_NBC:L4_LBC 94.5 80.7 150.0 17.10 13.80 80.0 109.0
12 21 L23_NBC:L4_MC 80.5 85.0 75.0 -5.29 -4.50 80.0 81.0
12 22 L23_NBC:L4_NBC 74.0 64.1 125.0 15.44 9.90 72.0 76.0
12 25 L23_NBC:L4_SBC 39.5 38.9 12.5 1.54 0.60 38.0 41.0
13 0 L23_NGC:L1_DAC 12.5 14.4 125.0 -13.19 -1.90 12.0 13.0
13 7 L23_NGC:L23_BTC 35.5 33.7 12.5 5.34 1.80 32.0 39.0
13 8 L23_NGC:L23_ChC 17.5 18.0 25.0 -2.78 -0.50 13.0 22.0
13 9 L23_NGC:L23_DBC 26.0 27.6 25.0 -5.80 -1.60 23.0 29.0
13 10 L23_NGC:L23_LBC 167.0 157.3 50.0 6.17 9.70 166.0 168.0
13 11 L23_NGC:L23_MC 163.5 153.4 50.0 6.58 10.10 158.0 169.0
13 12 L23_NGC:L23_NBC 113.5 107.0 50.0 6.07 6.50 102.0 125.0
13 13 L23_NGC:L23_NGC 11.0 12.1 50.0 -9.09 -1.10 6.0 16.0
13 15 L23_NGC:L23_SBC 40.5 47.0 75.0 -13.83 -6.50 37.0 44.0
13 20 L23_NGC:L4_LBC 16.0 11.4 125.0 40.35 4.60 13.0 19.0
15 0 L23_SBC:L1_DAC 30.0 33.3 125.0 -9.91 -3.30 29.0 31.0
15 2 L23_SBC:L1_HAC 31.5 27.1 25.0 16.24 4.40 27.0 36.0
15 3 L23_SBC:L1_NGC-DA 20.0 15.3 12.5 30.72 4.70 13.0 27.0
15 4 L23_SBC:L1_NGC-SA 13.0 11.4 12.5 14.04 1.60 12.0 14.0
15 5 L23_SBC:L1_SLAC 16.0 13.3 100.0 20.30 2.70 13.0 19.0
15 6 L23_SBC:L23_BP 10.5 6.9 12.5 52.17 3.60 10.0 11.0
15 7 L23_SBC:L23_BTC 126.5 127.3 100.0 -0.63 -0.80 122.0 131.0
15 8 L23_SBC:L23_ChC 74.0 66.9 50.0 10.61 7.10 71.0 77.0
15 9 L23_SBC:L23_DBC 99.0 93.6 50.0 5.77 5.40 93.0 105.0
15 10 L23_SBC:L23_LBC 715.0 640.9 50.0 11.56 74.10 686.0 744.0
15 11 L23_SBC:L23_MC 556.0 532.3 125.0 4.45 23.70 530.0 582.0
15 12 L23_SBC:L23_NBC 379.5 334.7 50.0 13.39 44.80 375.0 384.0
15 13 L23_SBC:L23_NGC 32.5 39.3 75.0 -17.30 -6.80 27.0 38.0
15 15 L23_SBC:L23_SBC 185.5 189.9 75.0 -2.32 -4.40 177.0 194.0
15 19 L23_SBC:L4_DBC 13.0 12.0 75.0 8.33 1.00 13.0 13.0
15 20 L23_SBC:L4_LBC 49.0 51.4 50.0 -4.67 -2.40 48.0 50.0
15 21 L23_SBC:L4_MC 56.5 57.6 75.0 -1.91 -1.10 50.0 63.0
15 22 L23_SBC:L4_NBC 49.0 43.1 125.0 13.69 5.90 34.0 64.0
15 25 L23_SBC:L4_SBC 18.0 24.3 125.0 -25.93 -6.30 17.0 19.0
16 10 L4_BP:L23_LBC 13.5 10.1 150.0 33.66 3.40 13.0 14.0
16 11 L4_BP:L23_MC 11.0 10.9 100.0 0.92 0.10 5.0 17.0
16 12 L4_BP:L23_NBC 12.0 7.4 125.0 62.16 4.60 11.0 13.0
17 9 L4_BTC:L23_DBC 15.0 8.1 50.0 85.19 6.90 13.0 17.0
17 10 L4_BTC:L23_LBC 39.5 36.4 50.0 8.52 3.10 38.0 41.0
17 11 L4_BTC:L23_MC 29.5 23.4 50.0 26.07 6.10 29.0 30.0
17 12 L4_BTC:L23_NBC 24.0 20.3 75.0 18.23 3.70 18.0 30.0
17 20 L4_BTC:L4_LBC 28.0 27.9 75.0 0.36 0.10 28.0 28.0
17 21 L4_BTC:L4_MC 30.0 26.3 100.0 14.07 3.70 25.0 35.0
17 22 L4_BTC:L4_NBC 19.0 20.4 25.0 -6.86 -1.40 18.0 20.0
17 25 L4_BTC:L4_SBC 15.5 12.0 75.0 29.17 3.50 14.0 17.0
19 7 L4_DBC:L23_BTC 19.5 17.3 100.0 12.72 2.20 16.0 23.0
19 9 L4_DBC:L23_DBC 15.0 14.0 100.0 7.14 1.00 10.0 20.0
19 10 L4_DBC:L23_LBC 85.0 72.0 50.0 18.06 13.00 85.0 85.0
19 11 L4_DBC:L23_MC 53.5 45.4 50.0 17.84 8.10 53.0 54.0
19 12 L4_DBC:L23_NBC 36.5 34.7 100.0 5.19 1.80 32.0 41.0
19 15 L4_DBC:L23_SBC 18.5 20.6 50.0 -10.19 -2.10 16.0 21.0
19 20 L4_DBC:L4_LBC 44.5 47.4 75.0 -6.12 -2.90 38.0 51.0
19 21 L4_DBC:L4_MC 51.0 48.4 100.0 5.37 2.60 43.0 59.0
19 22 L4_DBC:L4_NBC 39.0 36.9 25.0 5.69 2.10 36.0 42.0
19 25 L4_DBC:L4_SBC 22.0 19.1 50.0 15.18 2.90 18.0 26.0
20 7 L4_LBC:L23_BTC 68.0 53.3 125.0 27.58 14.70 66.0 70.0
20 8 L4_LBC:L23_ChC 19.0 21.9 100.0 -13.24 -2.90 17.0 21.0
20 9 L4_LBC:L23_DBC 55.5 44.0 125.0 26.14 11.50 54.0 57.0
20 10 L4_LBC:L23_LBC 219.5 213.3 50.0 2.91 6.20 219.0 220.0
20 11 L4_LBC:L23_MC 135.5 136.4 75.0 -0.66 -0.90 130.0 141.0
20 12 L4_LBC:L23_NBC 141.0 117.6 75.0 19.90 23.40 122.0 160.0
20 13 L4_LBC:L23_NGC 14.5 12.6 125.0 15.08 1.90 14.0 15.0
20 15 L4_LBC:L23_SBC 63.0 64.7 75.0 -2.63 -1.70 62.0 64.0
20 17 L4_LBC:L4_BTC 19.0 23.7 100.0 -19.83 -4.70 16.0 22.0
20 18 L4_LBC:L4_ChC 11.0 12.7 75.0 -13.39 -1.70 11.0 11.0
20 19 L4_LBC:L4_DBC 28.0 25.6 12.5 9.37 2.40 25.0 31.0
20 20 L4_LBC:L4_LBC 193.0 209.1 75.0 -7.70 -16.10 182.0 204.0
20 21 L4_LBC:L4_MC 198.5 188.9 50.0 5.08 9.60 198.0 199.0
20 22 L4_LBC:L4_NBC 167.0 150.7 50.0 10.82 16.30 163.0 171.0
20 25 L4_LBC:L4_SBC 92.5 83.3 100.0 11.04 9.20 84.0 101.0
21 0 L4_MC:L1_DAC 42.0 40.3 125.0 4.22 1.70 35.0 49.0
21 1 L4_MC:L1_DLAC 22.0 17.7 150.0 24.29 4.30 19.0 25.0
21 2 L4_MC:L1_HAC 52.0 50.9 100.0 2.16 1.10 49.0 55.0
21 3 L4_MC:L1_NGC-DA 37.0 30.1 75.0 22.92 6.90 35.0 39.0
21 4 L4_MC:L1_NGC-SA 19.5 19.9 200.0 -2.01 -0.40 19.0 20.0
21 5 L4_MC:L1_SLAC 13.5 21.9 125.0 -38.36 -8.40 10.0 17.0
21 7 L4_MC:L23_BTC 95.0 98.7 75.0 -3.75 -3.70 94.0 96.0
21 8 L4_MC:L23_ChC 56.5 47.1 150.0 19.96 9.40 53.0 60.0
21 9 L4_MC:L23_DBC 83.0 76.1 125.0 9.07 6.90 78.0 88.0
21 10 L4_MC:L23_LBC 396.5 367.0 50.0 8.04 29.50 388.0 405.0
21 11 L4_MC:L23_MC 417.0 405.3 75.0 2.89 11.70 414.0 420.0
21 12 L4_MC:L23_NBC 249.0 235.9 12.5 5.55 13.10 246.0 252.0
21 13 L4_MC:L23_NGC 29.5 31.7 50.0 -6.94 -2.20 27.0 32.0
21 15 L4_MC:L23_SBC 120.5 118.9 50.0 1.35 1.60 120.0 121.0
21 17 L4_MC:L4_BTC 26.5 19.1 125.0 38.74 7.40 26.0 27.0
21 19 L4_MC:L4_DBC 15.5 23.0 12.5 -32.61 -7.50 11.0 20.0
21 20 L4_MC:L4_LBC 158.5 143.7 12.5 10.30 14.80 155.0 162.0
21 21 L4_MC:L4_MC 149.0 152.0 75.0 -1.97 -3.00 144.0 154.0
21 22 L4_MC:L4_NBC 116.0 120.7 50.0 -3.89 -4.70 106.0 126.0
21 25 L4_MC:L4_SBC 57.5 69.3 75.0 -17.03 -11.80 56.0 59.0
22 7 L4_NBC:L23_BTC 30.5 31.3 125.0 -2.56 -0.80 30.0 31.0
22 9 L4_NBC:L23_DBC 27.0 23.6 75.0 14.41 3.40 25.0 29.0
22 10 L4_NBC:L23_LBC 117.5 112.9 100.0 4.07 4.60 113.0 122.0
22 11 L4_NBC:L23_MC 91.5 72.9 50.0 25.51 18.60 90.0 93.0
22 12 L4_NBC:L23_NBC 86.0 64.6 100.0 33.13 21.40 84.0 88.0
22 15 L4_NBC:L23_SBC 29.5 32.1 12.5 -8.10 -2.60 25.0 34.0
22 17 L4_NBC:L4_BTC 18.5 21.6 125.0 -14.35 -3.10 16.0 21.0
22 18 L4_NBC:L4_ChC 10.5 8.7 75.0 20.69 1.80 7.0 14.0
22 19 L4_NBC:L4_DBC 18.5 20.7 25.0 -10.63 -2.20 15.0 22.0
22 20 L4_NBC:L4_LBC 136.5 139.6 75.0 -2.22 -3.10 127.0 146.0
22 21 L4_NBC:L4_MC 153.0 141.7 125.0 7.97 11.30 140.0 166.0
22 22 L4_NBC:L4_NBC 122.0 109.7 100.0 11.21 12.30 115.0 129.0
22 25 L4_NBC:L4_SBC 53.5 59.1 75.0 -9.48 -5.60 44.0 63.0
25 7 L4_SBC:L23_BTC 25.5 15.9 150.0 60.38 9.60 21.0 30.0
25 9 L4_SBC:L23_DBC 10.5 13.7 12.5 -23.36 -3.20 8.0 13.0
25 10 L4_SBC:L23_LBC 74.5 66.0 50.0 12.88 8.50 73.0 76.0
25 11 L4_SBC:L23_MC 76.5 48.0 150.0 59.38 28.50 68.0 85.0
25 12 L4_SBC:L23_NBC 42.0 33.6 100.0 25.00 8.40 41.0 43.0
25 15 L4_SBC:L23_SBC 17.0 19.7 75.0 -13.71 -2.70 16.0 18.0
25 19 L4_SBC:L4_DBC 18.5 13.6 12.5 36.03 4.90 11.0 26.0
25 20 L4_SBC:L4_LBC 119.0 116.9 50.0 1.80 2.10 108.0 130.0
25 21 L4_SBC:L4_MC 83.5 87.9 50.0 -5.01 -4.40 68.0 99.0
25 22 L4_SBC:L4_NBC 65.5 68.7 100.0 -4.66 -3.20 62.0 69.0
25 25 L4_SBC:L4_SBC 52.5 50.0 50.0 5.00 2.50 51.0 54.0
