203.4050 1957.8202 732.9424 72 348 758 4001
285.2563 2047.9200 454.0880 14 344 153 3846
225.6904 2037.0646 738.3603 25 45 247 432
430.1800 1924.1684 513.9802 36 295 323 3157
501.0314 2018.0677 679.9730 14 674 139 7686
278.3998 2022.4098 671.6837 19 575 155 6633
173.3931 2046.2917 567.6602 9 372 71 4118
426.4429 2019.1532 584.4954 27 650 238 7587
136.1360 1927.9678 665.3932 69 352 519 3893
230.6044 1999.6135 777.8896 15 121 130 1224
131.8310 1917.1124 644.6556 26 71 216 644
292.2573 1995.0000 424.2640 24 607 288 7519
387.9801 2051.4480 650.5870 12 331 111 3775
185.3676 2042.7637 563.3720 15 420 181 4694
487.3100 2025.3951 533.0844 21 585 173 6592
165.4900 2023.2240 562.1358 17 631 182 7414
449.2906 2018.8818 442.9444 17 588 161 6767
314.6207 1975.4602 475.0506 58 282 596 3042
472.8491 2037.3360 586.0446 14 422 157 4733
200.5968 2041.1354 560.0358 7 410 66 4679
381.7532 2030.2800 707.7881 12 581 87 6599
287.3184 1987.9439 550.2356 30 602 297 7580
199.5969 2053.0764 464.1985 5 321 47 3550
129.9521 2050.9053 621.0970 10 312 87 3575
294.9737 1955.3777 662.1966 15 36 105 357
282.8948 2051.1597 610.9284 22 28 190 242
466.8423 2025.1067 501.6835 15 608 148 6939
369.6537 2038.1332 702.7258 36 47 323 424
202.0727 1927.4081 764.2717 31 52 267 477
408.9249 1949.1189 523.9573 27 38 250 364
469.2255 1961.0599 613.2859 25 183 266 1892
159.5010 1987.1128 617.0338 17 105 136 1130
400.5073 2043.5609 620.2487 9 369 83 4131
348.9464 1956.7177 727.7341 29 213 290 2279
177.6074 1948.0334 653.1848 21 39 176 379
307.0651 2032.7055 744.8725 13 467 115 5144
204.4465 2015.3369 789.5233 22 623 276 7094
454.4407 1971.9153 533.9222 59 292 595 3180
466.6098 1937.1780 468.3841 27 43 241 455
518.8672 2005.0242 702.8335 12 123 106 1266
324.6527 1952.9183 717.6777 71 346 724 3857
151.7331 1983.3134 639.7604 54 264 543 2810
423.5807 2044.1037 492.2631 3 351 20 3933
286.4276 1920.3521 731.2070 35 66 309 645
527.3065 2024.5640 498.9905 32 73 299 701
578.0538 2053.8736 560.8623 9 345 92 3804
471.2503 2021.3073 467.4470 16 594 169 6865
200.8737 1982.2279 622.1276 54 287 590 3114
183.3823 1921.4376 520.2358 35 68 301 694
116.8152 2016.6938 641.2142 14 644 124 7438
394.8215 1925.5084 705.6143 38 57 293 582
324.1832 2038.4046 626.7915 31 52 313 495
336.0368 1924.4229 738.1674 32 57 284 532
524.5039 1989.5553 669.5190 53 228 556 2504
489.4598 1965.6734 665.0185 69 322 774 3634
248.5673 1984.6704 671.1451 16 245 159 2739
532.8387 2010.7233 606.8254 9 98 99 1042
207.9268 2015.0655 483.8402 23 672 281 7509
475.9600 2025.9209 434.4814 21 520 236 5982
254.1815 1991.1836 584.4024 57 196 601 2223
300.2749 2004.2101 400.5461 18 115 147 1241
301.0986 1943.4198 805.7320 23 43 212 427
404.0105 1960.7885 544.0597 75 374 842 4087
468.9377 2031.3486 612.1370 15 508 109 5842
249.6528 2033.5197 826.8742 10 498 112 5666
321.4653 2016.5581 589.5991 19 619 171 7118
296.1427 2055.6376 671.4022 12 321 106 3466
435.8265 2040.4400 613.2412 12 421 105 4706
550.2657 1991.5907 625.2139 11 95 79 1043
249.4842 1965.5377 591.2134 64 329 674 3652
427.1462 2006.7882 400.7191 7 83 75 898
192.1264 2054.5520 532.9726 14 291 119 3243
500.4458 2035.5551 473.9515 10 444 105 5009
520.3406 1974.7648 530.4673 58 318 575 3326
474.0828 2007.3310 778.2653 35 245 351 2802
252.5109 1998.6467 462.6379 17 104 139 1141
402.5642 2023.6141 457.8043 17 580 119 6771
430.3517 1947.3549 573.3616 33 248 295 2632
537.8780 2011.4018 539.7542 13 101 116 1102
492.1949 1985.3488 586.2328 24 240 252 2683
441.6561 1963.6380 788.4208 18 187 186 1929
338.6752 1998.3753 774.2284 24 559 259 6742
323.8423 2043.9680 544.0480 8 387 93 4362
368.5012 2009.2307 525.8765 11 95 98 922
138.3517 2035.2837 683.0627 35 50 345 472
538.5748 2004.8885 638.2567 11 97 83 1038
269.0417 2010.8590 634.3597 31 253 299 2965
384.2397 2023.8855 452.4368 19 533 223 6103
425.2168 2026.0566 619.8549 19 517 218 5979
326.0091 2043.4252 510.0504 9 381 61 4340
283.5194 1935.9567 632.5449 30 44 205 429
