409.0776 1993.8684 674.5567 14 281 131 4010
341.2313 1950.5237 499.6780 19 282 169 4121
450.7780 1997.3828 625.4682 10 231 75 3379
425.1693 1936.4660 745.3071 26 317 218 4823
188.0499 2039.5560 501.4293 13 161 127 2027
346.3893 1990.3540 677.0251 15 304 137 4519
410.4889 1946.4235 649.2227 34 79 273 1036
284.5079 1962.8242 714.8510 11 229 99 3326
401.8346 2065.9143 396.5246 2 98 16 1259
378.0610 1942.9091 459.8520 86 955 854 17127
237.0241 1963.9957 723.6751 16 154 153 2064
359.2874 1991.8183 547.7870 7 112 61 1538
319.4341 2024.6197 535.2573 26 52 227 699
237.2803 1968.3887 604.2709 25 276 252 3837
199.6524 1947.3021 603.4603 45 124 441 1729
221.5799 1933.2444 550.2447 28 454 253 7178
516.2163 2017.5908 560.5453 2 69 17 901
273.2131 2051.5637 767.2099 3 119 22 1577
529.1801 2056.2496 735.8927 4 104 40 1297
481.0544 2041.6061 643.5326 19 52 169 719
367.8547 2055.6638 783.0760 3 90 33 1132
474.1590 2035.7487 407.9512 8 179 77 2297
252.0296 1979.5178 484.1959 8 131 89 1768
174.5781 2045.1205 654.7872 5 131 50 1684
483.1173 2048.9095 759.3312 6 102 62 1313
389.2480 1957.5343 795.5711 57 387 527 5887
414.9779 2055.9384 430.5662 2 116 26 1459
366.4740 2058.8671 698.8957 5 102 34 1212
447.1238 1930.0045 526.1736 63 384 608 5934
266.2739 2000.2932 825.8625 7 184 98 2625
246.7296 1994.4358 660.6352 8 107 88 1500
254.1098 2017.8654 557.2569 7 161 75 2262
380.1232 2006.1506 410.7942 27 90 257 1159
404.6012 2015.5224 539.9776 23 69 238 886
410.3763 1940.2550 426.8534 54 140 472 1922
440.4805 2010.5436 790.4054 1 151 8 2067
324.7663 1980.0852 546.1397 59 915 646 15389
335.4926 1933.2261 717.0273 62 376 628 5652
474.4996 2042.1735 456.4375 6 157 56 2109
434.5069 1997.6574 542.3128 11 65 102 870
446.3909 1919.7541 611.5589 10 325 78 4812
442.0123 1985.3569 443.3870 21 270 216 3699
510.9848 2043.9308 570.8859 11 136 100 1779
507.6760 1979.4995 690.0371 7 224 53 3314
266.9073 2066.1888 471.6262 2 103 10 1311
279.0930 2028.7016 457.7696 35 541 411 8708
403.8490 2056.8170 456.6541 8 32 90 396
480.5248 2005.2720 431.7893 9 181 72 2493
239.2656 1958.8522 413.7889 22 282 262 3930
259.9633 2001.0254 542.8219 18 258 160 3475
386.7723 1965.8811 559.7338 24 389 240 6054
455.6054 2026.7979 512.8296 22 48 241 602
271.4670 2063.1137 572.1652 2 95 11 1123
210.5366 2042.0271 569.0110 14 42 142 546
313.4412 2027.9694 794.8697 3 99 20 1345
464.0858 2012.1544 627.6253 13 213 115 2788
282.8767 2035.5840 593.4321 14 44 212 585
258.6122 2023.8692 666.1768 3 25 31 330
393.5066 2028.5551 517.1620 4 144 29 2034
451.2655 1994.5823 798.9983 33 114 369 1549
264.4386 1947.7231 640.1246 17 319 155 4939
392.6654 1936.0084 411.5297 21 187 169 2502
424.8905 2057.5492 775.1239 2 124 24 1524
503.7117 1973.2028 752.0328 40 120 428 1633
303.3705 2022.4049 716.2300 10 61 93 750
484.9781 1950.9447 455.2270 8 265 59 3887
183.2403 2063.4066 690.4034 1 98 10 1249
420.8294 1962.0738 502.8563 17 178 128 2414
339.1872 1999.5610 727.8774 17 268 140 3553
226.7120 1929.2724 670.1201 13 199 114 2813
300.4734 2001.9040 515.7977 24 107 273 1443
228.0497 1923.4150 495.7226 61 166 544 2333
