361.3252 1922.6764 748.4834 225 389 2127 3515 1
464.5882 1994.7576 724.2477 40 20 284 144 1
428.5644 1917.6003 531.7370 217 381 2274 3552 1
400.5833 1995.2652 596.0570 22 194 237 1928 1
185.6947 2009.4784 659.9151 41 25 308 196 1
387.5240 1971.9150 519.8161 66 590 742 6375 1
178.3101 2008.4632 594.1653 16 34 166 334 1
126.1233 2034.8591 615.6563 10 333 54 3422 1
390.6494 1988.9200 438.7036 25 213 235 2105 1
192.6374 1962.5241 576.9145 38 117 372 940 1
341.0132 1995.0114 503.4408 15 198 117 2010 1
503.7066 1986.8896 642.4060 27 43 254 396 1
530.9972 1938.1586 535.8565 210 373 2205 3371 1
319.3893 1976.2297 800.3659 16 262 150 2635 1
346.5093 1990.4429 645.0919 12 558 134 6151 1
350.7240 1986.3820 569.3056 18 230 174 2266 1
231.8156 2043.2347 571.8874 20 16 149 126 1
337.7883 1999.5799 640.7123 28 63 276 574 1
391.4263 1920.3922 496.5466 35 618 299 6903 1
433.9439 2021.9149 442.5306 29 21 209 165 1
302.9865 1965.0622 804.1376 25 302 253 3168 1
321.7969 2034.3356 660.1829 24 19 176 127 1
379.8950 2028.2442 516.9248 19 58 121 491 1
227.2579 2041.9498 450.6664 16 17 158 149 1
428.2469 2029.7671 713.3728 24 21 146 171 1
433.1016 1956.6707 793.7560 32 61 276 582 1
280.4119 2005.4016 634.9116 34 21 262 172 1
178.2817 2024.6910 719.0353 26 23 144 185 1
511.7952 2040.9346 660.9793 20 17 146 137 1
320.2859 1931.2900 511.5245 41 284 337 3213 1
410.7610 2026.7214 772.2499 27 20 220 158 1
215.6341 2034.8432 547.9938 26 15 185 123 1
141.0307 1983.8280 618.9777 140 269 1629 2387 1
300.1565 2035.6047 580.7467 24 17 244 129 1
307.4844 1990.9346 441.8828 80 877 776 11522 1
507.7373 1951.8484 471.9417 27 286 251 2967 1
236.7015 2031.0361 792.7077 10 412 90 4138 1
469.2867 1925.4524 562.8006 33 313 266 3434 1
266.1214 1943.0920 459.6806 73 864 692 9523 1
508.8213 2015.1732 466.3230 8 478 81 5125 1
392.9923 1992.8382 744.7248 33 332 276 3315 1
216.3090 1984.7164 800.9284 97 915 1031 11556 1
277.9822 2037.5082 669.7349 22 14 159 123 1
176.5789 1996.8991 642.4608 22 538 211 5753 1
395.8467 1930.4017 749.1428 40 616 337 6544 1
302.4672 1920.2494 717.7681 97 1120 808 12846 1
458.2398 2029.8940 460.9360 21 18 169 138 1
197.8973 2021.7722 595.2016 39 35 301 284 1
216.8110 2039.0310 404.9337 25 27 207 227 1
437.0789 1986.2392 521.9280 28 223 271 2290 1
351.3666 2006.2899 720.9129 40 24 287 188 1
383.1590 1925.0717 544.8471 72 172 592 1478 1
237.6725 1923.0413 758.2521 73 1056 664 11929 1
449.8067 1997.1529 698.5831 20 562 209 6120 1
310.5028 1968.2189 530.4919 168 359 1734 3197 1
412.9682 2044.3610 665.3831 27 21 196 185 1
306.2007 1938.7773 683.2231 36 74 337 691 1
179.1218 2015.9346 629.5891 12 110 102 1075 1
