361.325248 1922.676421 748.483365
464.588247 1994.757595 724.247684
428.564418 1917.600282 531.737049
400.583300 1995.265209 596.056965
185.694731 2009.478398 659.915096
387.523950 1971.914969 519.816112
178.310122 2008.463170 594.165301
126.123325 2034.859093 615.656268
390.649418 1988.920035 438.703573
192.637387 1962.524112 576.914549
341.013168 1995.011402 503.440760
503.706606 1986.889579 642.406034
530.997231 1938.158645 535.856503
319.389335 1976.229688 800.365937
346.509262 1990.442877 645.091854
350.723950 1986.381966 569.305565
231.815576 2043.234723 571.887389
337.788325 1999.579927 640.712284
391.426293 1920.392158 496.546581
433.943920 2021.914939 442.530563
302.986528 1965.062182 804.137606
321.796948 2034.335616 660.182933
379.894965 2028.244249 516.924796
227.257885 2041.949825 450.666449
428.246948 2029.767091 713.372816
433.101635 1956.670689 793.755980
280.411948 2005.401624 634.911566
178.281713 2024.690952 719.035326
511.795229 2040.934597 660.979300
320.285854 1931.289994 511.524457
410.760961 2026.721408 772.249901
215.634057 2034.843230 547.993841
141.030698 1983.828033 618.977660
300.156489 2035.604651 580.746730
307.484448 1990.934628 441.882816
507.737338 1951.848357 471.941654
236.701479 2031.036126 792.707660
469.286689 1925.452434 562.800632
266.121401 1943.092018 459.680609
508.821323 2015.173192 466.323002
392.992260 1992.838180 744.724759
216.308979 1984.716357 800.928392
277.982231 2037.508203 669.734855
176.578901 1996.899091 642.460765
395.846748 1930.401670 749.142826
302.467182 1920.249392 717.768070
458.239838 2029.893995 460.936000
197.897338 2021.772172 595.201625
216.811010 2039.031045 404.933705
437.078901 1986.239199 521.927992
351.366557 2006.289948 720.912914
383.158979 1925.071724 544.847103
237.672529 1923.041268 758.252123
449.806713 1997.152898 698.583148
310.502807 1968.218906 530.491937
412.968168 2044.360991 665.383097
306.200668 1938.777299 683.223097
179.121791 2015.934612 629.589056
