372.2122 431.1905 500.0188 111 72 327 835 42
572.7287 463.6787 672.1485 98 76 306 816 42
217.1052 354.9285 454.4473 103 51 290 579 42
120.4803 523.8247 570.1096 95 77 289 891 42
328.4421 681.1363 757.3746 90 91 263 1148 42
483.8064 274.5201 453.6360 63 43 180 536 42
491.4369 364.2903 515.0388 70 42 185 476 42
430.9814 548.9604 772.8940 114 102 339 1133 42
390.1977 333.5119 680.5547 87 64 251 730 42
301.5400 295.5520 755.8123 93 39 288 413 42
560.7513 428.2409 601.4277 94 62 267 699 42
347.3922 636.5932 780.1910 93 95 277 1130 42
424.8453 176.4569 795.8333 77 46 243 462 42
245.7496 182.2759 733.2412 80 51 225 559 42
466.8492 618.1315 567.2089 117 94 343 1043 42
366.5343 650.6198 483.0502 93 96 291 1044 42
321.2441 413.9685 571.6035 114 67 299 760 42
292.6010 690.8881 693.7818 96 93 294 1016 42
378.3288 285.2979 499.6757 94 53 278 581 42
221.7406 626.2536 424.2809 83 104 227 1152 42
449.6938 461.4184 788.4677 108 65 312 722 42
418.1176 570.6816 456.1836 110 87 315 950 42
459.8374 674.9860 616.8823 98 82 313 891 42
254.5582 438.3347 504.7991 95 53 298 576 42
151.6465 601.1607 498.5610 101 89 297 908 42
282.0572 661.8624 536.5366 109 91 327 997 42
225.8761 381.0100 654.8527 103 69 283 854 42
359.1468 456.5879 504.4802 108 65 325 684 42
466.8214 392.8084 465.5584 78 65 215 705 42
555.6463 175.9920 654.0857 81 66 241 763 42
267.8096 470.8443 536.6845 97 90 251 1035 42
228.6868 315.2426 431.5905 97 75 268 880 42
197.3563 221.3687 597.4926 93 57 258 712 42
491.3211 184.3492 558.0880 68 56 194 668 42
445.3358 626.8734 668.8811 123 72 364 782 42
144.9141 539.6681 558.8273 118 81 338 803 42
550.6087 661.2426 592.7573 111 117 328 1337 42
296.9754 537.1033 791.4167 96 66 288 740 42
557.0868 353.8011 521.4417 91 64 261 774 42
427.5221 431.9011 456.1944 89 67 252 745 42
335.4898 377.0131 815.5408 72 47 189 573 42
461.7631 222.4374 656.7697 71 44 220 502 42
295.6249 93.5103 688.9900 65 50 188 570 42
263.0892 490.8075 455.1189 104 75 322 806 42
273.1593 516.4561 784.3910 123 83 363 848 42
408.0732 292.6291 532.0290 83 61 235 674 42
226.3864 364.6697 452.3464 107 66 319 778 42
259.7231 309.2687 688.4388 88 60 249 616 42
309.0429 85.0997 584.1692 64 44 191 518 42
172.1258 34.7429 645.1021 58 31 174 317 42
219.0856 364.4132 424.2864 86 66 251 740 42
477.6546 366.4651 507.6111 112 66 313 697 42
168.5919 310.3801 625.4845 83 60 251 642 42
462.1598 118.6994 691.6746 70 50 213 573 42
367.7800 317.5190 487.1486 95 68 278 700 42
238.8890 579.4769 478.6139 110 78 323 760 42
362.8147 395.6618 411.2847 84 73 245 761 42
286.5553 32.7337 628.9232 61 38 181 396 42
304.8513 542.8635 778.1746 109 75 300 819 42
499.5127 642.1237 549.0351 101 91 305 927 42
530.7351 345.2836 597.7761 102 43 286 477 42
559.6311 26.3857 529.9312 58 38 164 452 42
417.0291 378.9688 686.0388 94 61 270 708 42
402.9834 154.5006 488.5896 73 39 204 404 42
466.1857 102.4339 460.8348 58 46 175 507 42
316.9131 127.3985 490.9458 74 55 207 592 42
384.9371 296.3375 645.5209 94 53 284 603 42
489.3530 179.2007 430.5823 76 40 218 450 42
551.1131 696.4480 593.7201 98 140 298 1607 42
165.4988 635.2333 729.7564 109 103 352 1158 42
