-19.7401 2036.0522 884.7751 20 14 161 115 1
179.6372 2045.1893 786.5069 19 30 147 230 1
108.3658 1984.0218 776.7633 34 603 340 6589 1
138.7629 1977.9304 975.5438 21 14 160 107 1
183.4395 1986.0523 828.2037 131 256 1544 2251 1
-170.5023 2014.4786 788.7060 35 15 254 114 1
112.2320 2009.4025 933.4927 17 89 138 713 1
-187.4534 1982.4990 876.6667 10 49 106 429 1
-60.5663 1989.6056 871.0264 22 58 162 535 1
105.4158 2022.0929 839.4958 21 54 163 477 1
-144.5095 1997.7274 789.1582 16 26 178 220 1
-47.5198 1971.3315 779.3219 21 572 176 6306 1
94.2714 2007.8797 634.5339 11 168 111 1697 1
-215.7497 1926.6614 790.4561 32 132 246 1234 1
-30.3161 2036.5440 661.3445 6 310 82 3348 1
-142.5292 2044.6658 609.5672 20 9 159 66 1
192.6083 1941.1126 825.6176 42 656 376 7118 1
-47.8895 1997.9653 684.5822 42 21 281 155 1
70.5514 2037.5592 916.3366 32 17 291 133 1
-60.7270 1921.8232 938.4800 56 17 383 147 1
-36.5464 2001.5186 931.6473 10 405 102 4408 1
63.8166 1967.0009 742.7672 28 66 300 613 1
-44.0620 2035.0211 905.6316 6 206 36 2191 1
-160.2111 2018.7775 675.0182 4 50 33 511 1
115.1496 2014.7166 635.8445 32 16 246 133 1
50.5035 1931.4679 705.9467 84 504 599 5194 1
139.3045 1935.5288 960.4801 37 346 313 3432 1
-34.1900 1934.2598 944.3438 95 594 938 8573 1
121.7680 2001.2648 711.3514 19 40 221 391 1
146.8808 2033.7521 789.1176 7 383 71 3911 1
25.4034 1980.4527 738.8889 28 114 314 1052 1
81.7446 1985.5288 684.2457 24 564 192 5966 1
-131.6930 1959.2598 652.8315 26 61 290 602 1
-164.6349 2032.3562 820.0111 12 10 79 85 1
18.6931 1928.8029 666.6676 55 208 423 1801 1
-96.8857 2045.5541 972.9758 12 19 69 139 1
61.9903 2035.4019 806.4616 13 353 152 3728 1
-108.8276 1993.2699 948.5857 14 55 134 469 1
106.5580 2003.4222 809.6923 22 89 231 752 1
-140.9455 2034.8942 700.7629 12 10 115 90 1
-167.9229 1965.8588 769.8200 81 209 905 1863 1
-42.3197 1980.0719 757.8254 123 278 1291 2391 1
-16.7043 1927.0263 718.0578 38 99 365 983 1
-45.4015 1999.1075 894.6661 26 16 194 105 1
60.7339 1976.7725 989.2536 50 328 566 4031 1
-36.3954 1917.3816 671.6229 44 203 345 1725 1
70.8973 2018.9044 662.8904 16 122 148 1177 1
78.8026 2002.6608 707.9318 32 25 277 190 1
-109.3706 2041.2394 667.7967 20 12 151 99 1
-92.3458 1972.2039 633.6810 127 289 1505 2650 1
-151.2115 1942.7623 734.2210 19 235 142 2491 1
89.2373 2011.7978 726.4374 14 172 108 1732 1
7.6936 1954.9451 610.3462 41 339 367 3351 1
-201.9560 1922.4578 816.0066 32 7 215 49 1
5.4907 2020.1100 703.1970 12 112 106 1065 1
215.2190 1988.6379 784.7589 41 330 379 3356 1
-65.8295 1952.0897 966.3613 19 153 158 1608 1
210.6238 2019.0948 848.5578 18 98 170 923 1
-90.1598 1937.8765 908.0469 23 373 196 4337 1
