152.7837 2040.9785 530.4466 8 151 79 1866 4
-29.4020 2066.7510 188.2989 3 18 36 231 4
46.9158 2025.1635 214.0427 11 33 140 445 4
70.6641 2048.5931 221.8418 9 57 79 697 4
-96.7447 2060.3079 284.8447 2 20 23 259 4
87.8478 1972.4470 357.3398 23 355 242 5606 4
70.0797 2005.2484 462.9012 3 58 32 797 4
42.0306 1923.2450 575.2918 35 283 264 3859 4
-58.1398 2002.9054 413.7891 6 58 52 723 4
-115.1453 1958.0964 258.6178 10 150 77 2509 4
113.5854 2000.2696 273.1792 22 186 264 2604 4
-209.9283 1975.6686 404.7365 25 52 240 680 4
-62.3397 2060.0150 420.2824 1 91 14 1093 4
-79.9096 1942.2815 199.1578 9 154 72 2426 4
-116.6113 2058.2578 423.8163 1 82 3 1104 4
72.4875 1973.9114 510.0893 40 309 444 4677 4
186.4389 1950.4818 345.0265 14 166 115 2333 4
140.1630 1990.3487 474.0306 81 505 1046 8415 4
-39.0624 1976.2909 558.0560 16 151 151 2059 4
-152.2757 1938.8036 349.1729 13 201 94 3108 4
116.5051 1922.4030 433.8736 53 154 461 2196 4
-8.3198 1931.7748 370.8933 61 364 570 5635 4
131.7738 1945.8325 450.3713 67 996 789 17906 4
-86.7268 2014.9497 244.4099 4 35 24 463 4
48.9779 2024.9073 267.2228 3 97 32 1385 4
123.6742 2029.5932 296.2456 17 461 181 7529 4
-105.8192 1933.5320 480.5856 11 281 75 4036 4
31.1236 2031.9361 546.2331 6 182 57 2413 4
-103.3095 2058.5872 339.0862 5 82 50 1042 4
-46.8271 2053.9013 218.6022 3 46 25 584 4
122.3857 1985.9556 493.8313 36 135 399 1719 4
47.9023 1962.5261 397.6806 22 312 204 4483 4
-133.5772 2046.8725 465.0523 1 120 8 1528 4
-138.9981 2050.3869 596.1581 8 39 102 497 4
-44.6339 1970.7264 325.4617 11 234 104 3566 4
76.2879 2019.9285 524.2985 22 78 251 1010 4
39.5176 1963.6975 219.3749 14 173 139 2370 4
-69.7754 2062.1017 591.5878 1 96 10 1206 4
-69.4624 2009.9709 510.4411 4 80 30 1097 4
101.1447 2019.3427 444.1363 32 35 376 487 4
116.3598 2035.7434 398.1105 21 49 244 661 4
184.5297 2029.8860 432.2013 20 72 247 934 4
-135.1913 2043.9438 362.7873 9 40 77 518 4
-190.1171 2015.8283 321.0411 6 63 43 870 4
99.2632 1938.5108 199.3898 17 253 169 3735 4
84.9184 1975.9981 283.7716 38 95 381 1289 4
-101.6194 2036.9149 290.8909 0 92 0 1120 4
116.5915 1962.3796 316.2530 16 253 128 3616 4
-93.9592 2020.9535 375.4540 13 528 155 8696 4
117.1412 2058.4408 530.8187 3 85 36 1028 4
-115.2756 2045.5546 525.6086 5 118 37 1499 4
-99.4817 2008.0673 285.9749 4 121 28 1784 4
68.3535 2050.2405 427.8334 4 121 29 1603 4
-89.9201 2001.0384 410.9522 6 169 56 2382 4
-18.6699 1968.8228 577.4436 13 140 116 1852 4
-119.1483 1996.9382 578.4804 9 77 92 995 4
160.0554 2034.4255 578.7906 22 38 209 482 4
130.6898 1938.3643 439.9831 70 386 668 6106 4
115.4176 1960.6224 202.5195 13 342 124 5075 4
-82.3444 2011.8746 383.2878 4 127 22 1928 4
20.7826 2063.4196 256.9115 3 82 31 1068 4
107.1151 1986.1021 422.6958 12 99 147 1309 4
-93.7445 2056.3907 381.4560 6 17 67 220 4
98.2715 1984.9306 395.8920 38 142 370 1963 4
96.2294 1928.6996 301.3438 19 231 188 3256 4
44.5181 2027.1038 541.5386 6 149 52 1910 4
-10.4813 2038.8186 485.9274 11 145 101 1992 4
180.6615 1939.8287 490.5767 8 132 62 1792 4
-99.4682 1982.0019 203.5690 5 43 45 617 4
-232.4824 2000.7455 432.5724 13 19 173 272 4
