101.9991 2034.5690 526.6762 22 15 242 126 1
48.0087 1993.9599 261.1243 22 44 256 418 1
9.9105 2042.6908 224.1427 1 147 2 1508 1
230.1355 1931.5234 410.3425 38 345 259 3564 1
-35.7501 2028.9852 424.7620 25 27 239 217 1
36.3435 2045.2289 255.5458 19 8 101 65 1
-28.4077 2038.1223 574.8014 10 38 125 336 1
-158.1436 1989.3913 562.3047 30 11 212 86 1
51.3072 1932.5386 333.5945 41 392 369 4256 1
-107.8695 2011.7263 203.2194 9 56 87 475 1
125.5023 2027.7162 500.4076 39 18 287 119 1
26.0309 1920.1020 474.0352 35 671 357 7796 1
-34.8663 1923.1477 516.3163 125 1029 1172 15787 1
-97.3033 2014.5182 536.3486 25 10 178 66 1
-87.1034 1961.2188 342.4605 42 25 343 184 1
143.2111 1936.8533 384.9608 30 302 245 3103 1
-173.3664 2018.0715 312.3342 4 243 48 2400 1
185.6473 2030.2543 348.2227 23 27 180 233 1
105.5633 1926.7010 254.9337 51 395 397 4016 1
117.2553 2011.9802 206.5766 9 435 84 4616 1
-20.7908 1976.4472 441.8242 36 98 299 826 1
92.2419 1996.7517 434.5737 19 204 171 2017 1
217.0591 2037.3926 398.5277 4 360 37 3659 1
137.1615 2025.2098 252.2243 18 19 142 164 1
-22.9407 1992.7226 545.2442 40 316 392 3130 1
85.7418 2022.1642 574.1856 35 26 285 171 1
-69.6476 2042.9763 429.5020 25 14 174 114 1
-11.0646 1941.4535 250.7590 53 39 386 341 1
44.2174 1972.9256 286.1584 42 16 327 124 1
-160.3192 2023.4332 529.2111 6 7 47 55 1
56.1026 1995.0068 278.6749 19 372 226 4070 1
-41.5710 1960.4891 414.6228 98 881 992 12248 1
212.7737 2030.5398 364.2596 36 24 235 195 1
94.1479 2026.4789 380.5910 42 26 327 200 1
99.4310 2023.9408 246.0135 8 239 72 2566 1
91.5894 2036.1235 400.9006 26 23 191 165 1
-92.0784 2003.6363 509.5475 19 182 213 1888 1
-167.4515 1945.7683 305.8858 88 205 807 1924 1
-84.3331 1953.8901 252.5645 17 29 192 278 1
-161.6619 1951.8596 465.1571 27 41 289 380 1
-99.6663 2037.5195 534.2804 11 338 117 3448 1
-91.9416 1976.6058 449.9265 100 253 1120 2253 1
150.4569 2035.4890 487.6340 10 343 100 3524 1
27.5436 1982.6972 237.5312 18 41 184 382 1
89.0929 1939.0424 442.3462 190 376 1902 3426 1
157.3184 2008.0779 533.0888 9 43 125 444 1
-221.4366 2016.1997 411.5701 10 3 113 24 1
156.7197 2010.1083 376.6473 18 88 117 694 1
-51.9774 1920.7683 540.2999 60 27 394 214 1
-94.5648 1965.9459 332.5285 25 154 273 1642 1
-73.3164 1980.1591 599.8442 83 819 923 10688 1
-43.7937 1923.3064 214.8284 42 231 372 2426 1
-169.9118 2027.8748 482.8358 15 56 138 449 1
13.6546 1993.1033 364.4517 35 309 310 3071 1
80.4394 2021.5296 339.3632 15 92 134 864 1
-71.2452 1949.4485 343.4411 52 555 480 6089 1
-135.0578 1969.2454 526.7231 118 167 1354 1539 1
-169.1689 1932.6972 335.9245 28 270 271 3153 1
149.2298 1967.2150 292.8556 12 184 125 1800 1
