110.7855 162.1401 549.0321 64 45 184 446 42
145.4885 507.8835 346.5967 79 71 230 776 42
10.0930 349.8880 267.3003 56 64 164 764 42
-23.4895 503.6088 383.7602 84 67 247 786 42
-122.5425 635.6137 390.5235 66 93 199 1099 42
-40.5403 445.8139 309.7782 73 61 213 693 42
119.4538 360.0406 399.4584 85 62 235 639 42
-188.2113 389.4510 388.1221 42 53 120 583 42
-63.7102 493.9264 294.8129 64 63 192 833 42
66.5578 412.1073 175.6429 55 27 152 251 42
26.2050 643.2869 437.6616 99 88 309 887 42
-46.3522 195.6329 256.6665 53 44 152 486 42
-19.2170 684.6667 554.3792 75 97 223 1085 42
161.2731 532.6558 420.1749 103 99 315 1050 42
102.8785 642.5602 433.8405 89 83 284 975 42
85.7476 555.6968 533.0564 103 80 304 847 42
83.6280 265.3544 549.8940 86 60 236 709 42
-104.7720 441.9879 378.9559 82 67 238 783 42
-140.5120 489.8654 214.2771 41 26 128 245 42
-208.5823 589.0400 322.8969 46 30 132 293 42
-39.6244 388.2968 335.8213 69 54 207 568 42
-37.6229 454.5558 472.3684 80 70 259 794 42
-67.0955 616.3131 326.0880 82 98 248 1207 42
-3.3851 492.3447 509.6148 97 73 274 779 42
165.5961 502.9462 297.9124 120 76 360 845 42
5.8566 171.9079 455.3858 78 51 239 538 42
9.8749 642.0151 557.0232 103 94 309 952 42
79.4642 105.1039 334.1613 59 42 168 463 42
124.6470 536.3428 250.5418 94 47 276 484 42
-130.3071 557.0327 454.7240 78 91 224 930 42
38.1468 207.4419 615.4511 68 52 198 577 42
-20.4536 600.7209 555.6463 87 79 277 881 42
22.7575 12.3414 559.3127 49 40 132 413 42
-16.0079 378.2618 184.6100 44 26 121 294 42
-99.7394 144.8165 497.3666 35 45 104 528 42
-170.1539 350.6895 403.7086 64 49 168 554 42
235.1937 222.9594 422.4916 70 52 190 564 42
90.6185 384.0327 508.4684 91 66 261 676 42
2.5316 68.2981 481.2063 64 42 199 462 42
45.9877 640.7755 480.5511 86 75 245 870 42
88.8233 439.8612 412.7841 89 82 240 872 42
30.4441 606.0643 509.8100 104 106 319 1092 42
107.8782 496.2882 503.1398 104 71 326 755 42
100.5390 270.3024 559.4733 77 51 228 579 42
-60.0870 60.6677 314.2425 51 43 149 513 42
121.5142 285.8626 288.2800 64 60 191 642 42
-52.0081 332.1584 258.9112 63 57 176 675 42
-111.2183 84.3927 415.2369 46 54 145 584 42
-98.9506 204.7702 392.6023 64 52 188 599 42
172.8351 238.2844 299.8463 69 51 209 584 42
67.6211 168.1782 453.5372 71 55 196 689 42
45.9545 142.1021 244.6613 47 39 132 451 42
-120.0353 264.1895 315.6068 50 46 148 516 42
-93.4043 191.1764 418.7720 65 71 181 788 42
60.8363 508.1934 253.8148 74 76 205 888 42
-218.8003 589.2351 343.9422 37 24 117 255 42
-116.6437 539.1348 318.2204 76 83 210 928 42
-99.2610 566.4933 545.4951 83 99 275 1112 42
73.5855 440.3876 336.0610 85 47 276 536 42
99.7806 274.0135 266.2126 84 62 265 701 42
149.0800 565.0399 345.4113 94 94 283 995 42
42.9932 171.8892 463.8134 74 47 255 545 42
-76.4155 56.9834 459.2434 41 49 120 565 42
116.7869 415.1237 382.1507 77 78 213 885 42
-144.0666 515.4953 380.1675 68 76 197 796 42
10.9705 380.7545 493.5541 70 57 199 593 42
-139.3699 175.9075 232.1403 24 41 65 479 42
-143.8004 60.0826 315.0573 31 37 95 397 42
-120.4797 464.4331 454.9953 70 60 193 742 42
