-152.5209 2020.2641 320.0068 8 3 99 35 6
-21.0050 2033.1969 548.4094 0 32 0 278 6
109.9494 2033.7357 473.2393 11 323 113 3785 6
-140.2886 2031.5803 576.3895 13 247 133 2900 6
-173.8705 2005.7148 350.7730 9 14 66 124 6
16.9319 2028.3471 401.7891 12 311 144 3568 6
-45.8580 2030.5025 306.9302 1 18 7 165 6
-132.2316 1978.7716 412.7618 22 17 218 163 6
11.3012 2031.3108 473.2588 0 45 0 426 6
96.4836 1958.0253 443.9530 48 375 451 4299 6
-227.6063 2045.8602 438.5796 0 6 0 72 6
118.7926 2002.7511 223.4377 14 27 122 237 6
-114.3254 1975.8079 257.1497 17 40 160 357 6
-117.9072 2029.7279 370.7386 11 20 116 170 6
-108.5395 2002.7847 505.3523 14 316 134 3782 6
-128.1712 2020.0284 276.7791 6 198 53 2245 6
-49.0691 1963.9865 184.1697 21 145 170 1626 6
-121.5473 1996.8572 458.7410 19 31 189 300 6
-31.7088 1946.2040 248.7380 33 286 299 3433 6
106.5479 1948.3595 551.2803 7 162 64 1581 6
-54.5879 1991.4686 410.6722 22 29 202 239 6
22.4846 2004.4013 268.2757 24 12 241 114 6
-205.2662 1952.4010 307.6225 15 31 117 277 6
39.3085 2008.4428 598.0657 22 319 201 3568 6
56.6872 1982.5773 367.7794 24 29 211 286 6
107.9542 2053.7074 483.8809 1 6 8 54 6
-157.5434 2013.8314 456.3407 1 28 12 279 6
1.5256 2032.6917 564.2797 0 56 0 497 6
133.1507 1987.4271 254.3059 11 83 82 813 6
53.2635 2052.0908 364.3397 3 14 19 117 6
-68.4494 1999.2821 347.2523 10 25 90 241 6
-37.1899 1919.5303 395.8109 51 348 445 4168 6
-93.0242 2036.3290 547.5264 2 23 14 208 6
47.6603 1928.5562 198.5132 5 70 54 683 6
109.6645 1988.9090 534.6569 32 17 337 149 6
-76.0741 2008.3081 471.5863 7 44 61 428 6
-205.2942 1922.0899 429.7316 24 5 244 46 6
-109.1029 2002.9194 491.5493 7 60 67 588 6
-132.0878 1947.4165 330.8150 7 45 64 410 6
-142.5391 1981.9038 560.4770 28 27 247 248 6
56.4294 2040.9094 615.2550 2 12 10 105 6
-60.8144 2024.7434 537.0447 4 49 38 455 6
-38.7184 1918.5872 416.2868 8 143 55 1421 6
