-205.5872 1917.4456 361.0145 41 12 374 99 5
-145.3312 2043.7348 319.0847 6 8 70 70 5
-50.9095 1952.2396 496.9197 48 130 503 1495 5
-49.1790 1965.1262 239.2486 38 180 431 1957 5
-29.9659 2063.0648 522.1770 1 7 7 72 5
8.5233 2021.5053 313.9979 4 26 35 230 5
213.6863 1985.4227 377.3458 51 28 611 251 5
-178.4023 2034.3920 309.2418 1 11 8 130 5
-170.2757 2075.6293 421.8190 0 4 0 35 5
67.1430 1932.5874 404.5232 37 332 315 3984 5
-86.6289 2078.8509 393.5604 0 2 0 19 5
106.6008 2077.5623 477.2675 1 2 8 19 5
-176.0550 2002.8197 506.0635 18 98 155 1122 5
172.2426 1920.3854 442.5666 90 340 934 3813 5
78.8327 1943.5814 416.7315 21 421 165 5215 5
-122.9926 1964.2000 504.7742 17 63 161 693 5
-81.6620 2077.6025 195.5671 0 0 0 0 5
138.4242 2020.9013 417.3869 9 30 111 315 5
98.8520 1934.5607 320.8738 81 342 785 4026 5
-122.5455 2073.7366 302.0019 0 3 0 25 5
103.9463 1931.9834 556.8447 75 173 775 1916 5
-99.1521 1986.7516 430.0559 27 85 349 924 5
96.5597 1918.4524 425.4185 84 384 930 4242 5
12.4282 2010.9141 292.2059 4 22 31 227 5
125.8565 1979.9862 208.1400 8 42 75 442 5
47.9352 1938.7489 549.1775 12 429 68 5107 5
-129.4940 1931.0169 364.4233 50 32 352 297 5
54.2740 1951.6355 512.1085 36 146 362 1548 5
34.0130 2053.4401 266.4082 1 13 7 126 5
9.1685 2007.0481 366.4129 28 48 251 487 5
-135.5643 2024.4451 353.9448 3 9 44 72 5
-5.6228 2039.9091 364.9306 10 91 75 934 5
99.3715 2037.3318 287.8185 3 24 23 221 5
-231.3984 2006.4038 409.3570 8 28 75 264 5
138.2880 2061.8164 405.6587 9 77 115 753 5
200.7271 2033.4658 417.9672 18 128 199 1345 5
-110.9312 1956.6291 325.5740 44 26 403 243 5
-121.4956 1972.0931 192.0593 13 122 106 1300 5
171.8227 2010.7530 303.3612 9 100 68 1074 5
-195.7861 2037.8150 356.7146 3 59 25 669 5
69.0420 2030.0830 559.3921 5 15 30 155 5
-145.2959 1932.1445 372.7078 48 32 522 289 5
123.4594 1963.0724 503.8950 51 289 498 3270 5
-21.9654 2038.4593 426.2480 12 7 147 59 5
97.4984 1950.8301 404.4156 47 52 472 516 5
113.3422 1998.5107 522.4672 24 93 253 975 5
26.3865 2006.2427 401.2935 22 72 206 755 5
-98.7088 2021.7067 590.0655 7 21 67 228 5
-124.2314 2057.4672 514.7418 6 60 83 626 5
78.6152 2071.6425 377.6811 0 8 0 101 5
123.8910 2081.3075 303.9961 1 3 3 45 5
72.7701 1960.1729 483.6293 50 132 565 1400 5
