35.6991 1999.7421 259.2510 22 70 305 944 2
-10.5342 1955.1362 261.4704 52 237 510 3092 2
149.6645 1975.5806 272.2105 54 232 578 3115 2
-149.5085 2031.8026 530.5388 8 128 78 1623 2
122.2837 1976.0452 288.1265 46 234 601 2959 2
53.4752 2000.2068 303.6765 26 166 316 2096 2
-41.2298 2029.9440 221.7603 8 88 63 1144 2
-119.0793 1984.4088 412.9064 6 29 43 346 2
92.9064 2014.1461 361.2422 32 267 345 3398 2
75.4384 2023.4390 311.6638 16 161 165 2057 2
116.3205 2018.8216 446.9546 40 283 477 3796 2
78.7919 1969.1046 214.4761 37 184 443 2608 2
-48.0234 2015.5691 554.5149 28 90 293 1075 2
-16.0289 2030.2054 315.7369 14 156 155 1923 2
74.3793 2009.2964 269.8448 35 255 409 3665 2
203.8247 2019.5186 469.1124 24 175 221 2267 2
-56.7809 1946.4531 485.2827 64 320 675 4149 2
198.6725 2031.9478 365.6304 16 174 192 2097 2
159.8994 1971.0793 377.0086 14 112 126 1250 2
-25.3164 1999.8873 451.8078 40 321 366 4581 2
-151.3435 1940.1804 550.1436 8 116 87 1387 2
76.1840 1938.3218 366.7306 19 161 142 2052 2
35.8139 1982.9278 223.6693 47 308 494 4298 2
-18.5667 1941.1097 267.9659 20 144 187 1648 2
