101.9991 2034.5690 526.6762 22 15 242 126 1
48.0087 1993.9599 261.1243 22 44 256 418 1
9.9105 2042.6908 224.1427 1 147 2 1508 1
230.1355 1931.5234 410.3425 38 345 259 3564 1
-35.7501 2028.9852 424.7620 25 27 239 217 1
36.3435 2045.2289 255.5458 19 8 101 65 1
-28.4077 2038.1223 574.8014 10 38 125 336 1
-158.1436 1989.3913 562.3047 30 11 212 86 1
51.3072 1932.5386 333.5945 41 392 369 4256 1
-107.8695 2011.7263 203.2194 9 56 87 475 1
125.5023 2027.7162 500.4076 39 18 287 119 1
26.0309 1920.1020 474.0352 35 671 357 7796 1
-34.8663 1923.1477 516.3163 125 1029 1172 15787 1
-97.3033 2014.5182 536.3486 25 10 178 66 1
-87.1034 1961.2188 342.4605 42 25 343 184 1
143.2111 1936.8533 384.9608 30 302 245 3103 1
-173.3664 2018.0715 312.3342 4 243 48 2400 1
185.6473 2030.2543 348.2227 23 27 180 233 1
105.5633 1926.7010 254.9337 51 395 397 4016 1
117.2553 2011.9802 206.5766 9 435 84 4616 1
-20.7908 1976.4472 441.8242 36 98 299 826 1
92.2419 1996.7517 434.5737 19 204 171 2017 1
217.0591 2037.3926 398.5277 4 360 37 3659 1
137.1615 2025.2098 252.2243 18 19 142 164 1
-22.9407 1992.7226 545.2442 40 316 392 3130 1
85.7418 2022.1642 574.1856 35 26 285 171 1
-69.6476 2042.9763 429.5020 25 14 174 114 1
-11.0646 1941.4535 250.7590 53 39 386 341 1
44.2174 1972.9256 286.1584 42 16 327 124 1
-160.3192 2023.4332 529.2111 6 7 47 55 1
56.1026 1995.0068 278.6749 19 372 226 4070 1
-41.5710 1960.4891 414.6228 98 881 992 12248 1
212.7737 2030.5398 364.2596 36 24 235 195 1
94.1479 2026.4789 380.5910 42 26 327 200 1
99.4310 2023.9408 246.0135 8 239 72 2566 1
91.5894 2036.1235 400.9006 26 23 191 165 1
-92.0784 2003.6363 509.5475 19 182 213 1888 1
-167.4515 1945.7683 305.8858 88 205 807 1924 1
-84.3331 1953.8901 252.5645 17 29 192 278 1
-161.6619 1951.8596 465.1571 27 41 289 380 1
-99.6663 2037.5195 534.2804 11 338 117 3448 1
-91.9416 1976.6058 449.9265 100 253 1120 2253 1
150.4569 2035.4890 487.6340 10 343 100 3524 1
27.5436 1982.6972 237.5312 18 41 184 382 1
89.0929 1939.0424 442.3462 190 376 1902 3426 1
157.3184 2008.0779 533.0888 9 43 125 444 1
-221.4366 2016.1997 411.5701 10 3 113 24 1
156.7197 2010.1083 376.6473 18 88 117 694 1
-51.9774 1920.7683 540.2999 60 27 394 214 1
-94.5648 1965.9459 332.5285 25 154 273 1642 1
-73.3164 1980.1591 599.8442 83 819 923 10688 1
-43.7937 1923.3064 214.8284 42 231 372 2426 1
-169.9118 2027.8748 482.8358 15 56 138 449 1
13.6546 1993.1033 364.4517 35 309 310 3071 1
80.4394 2021.5296 339.3632 15 92 134 864 1
-71.2452 1949.4485 343.4411 52 555 480 6089 1
-135.0578 1969.2454 526.7231 118 167 1354 1539 1
-169.1689 1932.6972 335.9245 28 270 271 3153 1
149.2298 1967.2150 292.8556 12 184 125 1800 1
35.6991 1999.7421 259.2510 22 70 305 944 2
-10.5342 1955.1362 261.4704 52 237 510 3092 2
149.6645 1975.5806 272.2105 54 232 578 3115 2
-149.5085 2031.8026 530.5388 8 128 78 1623 2
122.2837 1976.0452 288.1265 46 234 601 2959 2
53.4752 2000.2068 303.6765 26 166 316 2096 2
-41.2298 2029.9440 221.7603 8 88 63 1144 2
-119.0793 1984.4088 412.9064 6 29 43 346 2
92.9064 2014.1461 361.2422 32 267 345 3398 2
75.4384 2023.4390 311.6638 16 161 165 2057 2
116.3205 2018.8216 446.9546 40 283 477 3796 2
78.7919 1969.1046 214.4761 37 184 443 2608 2
-48.0234 2015.5691 554.5149 28 90 293 1075 2
-16.0289 2030.2054 315.7369 14 156 155 1923 2
74.3793 2009.2964 269.8448 35 255 409 3665 2
203.8247 2019.5186 469.1124 24 175 221 2267 2
-56.7809 1946.4531 485.2827 64 320 675 4149 2
198.6725 2031.9478 365.6304 16 174 192 2097 2
159.8994 1971.0793 377.0086 14 112 126 1250 2
-25.3164 1999.8873 451.8078 40 321 366 4581 2
-151.3435 1940.1804 550.1436 8 116 87 1387 2
76.1840 1938.3218 366.7306 19 161 142 2052 2
35.8139 1982.9278 223.6693 47 308 494 4298 2
-18.5667 1941.1097 267.9659 20 144 187 1648 2
-150.1839 1988.4479 549.4952 29 239 291 2804 3
-17.0278 1945.0263 304.9545 65 169 487 1721 3
164.3050 1968.9082 334.3344 12 17 109 156 3
-58.6032 2047.0671 394.7805 32 27 268 261 3
-125.5258 1990.6190 310.6638 8 71 70 760 3
165.2134 2025.8990 543.5267 27 546 258 6297 3
70.6171 2008.5304 513.3519 34 223 323 2528 3
-51.6186 1999.8461 593.0099 23 246 263 2789 3
-5.5471 1978.1353 219.9909 35 172 359 1834 3
-16.3942 2033.4978 231.1524 22 33 161 314 3
100.7550 1990.0762 479.6863 61 221 711 2457 3
178.8433 2000.6602 444.5467 20 562 227 6791 3
-79.3193 1983.2916 582.9341 44 207 447 2385 3
61.8992 1972.4362 457.8971 60 277 631 3163 3
-60.9086 1929.0146 524.9073 14 47 124 478 3
51.1072 2011.5156 219.0291 4 30 48 330 3
-47.9395 1949.6398 392.6157 27 25 245 250 3
67.0611 2053.8517 308.8074 7 260 94 2910 3
51.1957 1960.4952 578.6760 17 31 179 290 3
-7.8508 1947.4687 552.6946 73 431 812 4910 3
90.2597 2042.9963 355.0630 11 342 116 3979 3
-131.8530 1990.8903 340.0967 36 146 318 1600 3
204.6886 1970.8079 351.0644 20 18 194 182 3
88.9537 1987.0910 486.5301 34 642 315 7909 3
143.6989 2008.8018 432.0497 28 237 279 2656 3
-84.8115 2034.8547 556.7017 7 291 55 3222 3
-118.2018 1945.8404 556.7449 21 214 172 2253 3
-80.7696 2023.9993 389.2143 10 391 148 4522 3
68.0102 1958.8669 431.4783 25 28 242 260 3
-129.4217 2017.5200 544.3755 12 345 129 3749 3
43.0242 1975.1839 617.5175 31 747 270 9548 3
61.5096 2053.3428 542.0899 9 340 74 3919 3
-129.4423 1936.1045 338.2971 15 26 119 245 3
-96.1673 1953.4731 517.0410 15 26 106 273 3
86.4058 1942.6177 571.6203 31 43 317 425 3
6.7954 1964.8713 370.4615 14 16 126 151 3
-80.3571 2043.0302 378.0590 15 37 114 368 3
166.8401 1925.7919 374.9113 66 316 461 3343 3
22.9583 2053.8856 321.1025 3 278 16 3076 3
165.9710 2049.5434 424.5303 8 324 123 3682 3
-78.7386 2002.8652 333.8834 11 271 110 3214 3
97.4926 2041.9447 330.4552 6 397 42 4562 3
34.2460 2007.2074 236.0238 14 51 85 525 3
33.7068 2026.7471 370.1641 24 49 229 497 3
97.3150 1978.9833 284.9583 27 649 219 8087 3
-105.6101 1996.3520 574.6689 18 524 158 6369 3
-124.1220 2017.7914 333.3050 14 337 141 3897 3
180.1136 1989.5673 423.1798 32 226 380 2433 3
-152.0720 2006.9360 382.9667 21 192 237 2201 3
137.4415 2011.2782 273.6960 9 65 76 675 3
-57.7296 1990.6529 546.3712 34 172 403 1892 3
156.0602 2025.3902 353.3333 38 53 370 550 3
18.8366 1999.3372 527.2652 21 397 173 4490 3
-211.8704 2016.7059 470.9772 6 314 75 3713 3
-120.5931 2042.2161 501.5039 7 302 68 3582 3
-204.8182 2016.1631 374.5709 18 37 188 335 3
119.1937 2046.5582 302.4604 6 329 40 3830 3
-26.1643 2013.9920 418.8822 12 626 98 7372 3
-15.6900 1986.8535 508.2099 22 238 223 2648 3
-128.8809 1926.0632 590.0155 23 40 193 388 3
-196.5133 2049.8148 292.8748 5 8 58 76 3
-35.4332 2000.2871 441.3518 8 154 72 1749 3
-7.4706 2039.3665 382.6723 10 383 94 4291 3
-11.7697 1957.9510 468.5299 67 338 736 3822 3
-98.0138 1975.3196 382.9131 44 222 417 2435 3
-102.5919 1962.2931 596.0688 8 107 78 1111 3
40.0789 2038.2810 330.3197 10 417 108 4814 3
-114.8899 1973.1485 405.8143 6 10 85 112 3
38.8878 1934.6119 513.9872 31 268 226 2788 3
-109.3731 1925.9275 444.6025 24 36 224 365 3
-209.1463 1988.8889 330.4145 9 64 72 688 3
-65.6586 2023.6262 327.6144 12 393 104 4635 3
-171.7978 1924.8420 375.2629 11 32 125 343 3
-94.0760 1972.6058 618.1482 49 304 497 3247 3
-6.7919 1955.2371 242.3241 10 21 99 225 3
-136.6578 2000.8298 332.0056 8 46 58 503 3
148.3329 2048.5936 398.3779 10 339 92 3909 3
30.7264 1927.0131 565.0585 23 48 207 488 3
15.7620 1996.2163 538.8602 23 563 224 6766 3
29.3498 1922.3995 295.6102 41 254 327 2733 3
-57.6038 1920.2285 227.1564 18 33 145 320 3
126.5745 2020.0982 249.6990 17 391 204 4479 3
-19.7842 1967.9922 198.0176 31 147 299 1551 3
16.3912 1962.5645 571.3191 21 19 200 196 3
132.3905 2012.4994 490.9582 10 104 83 1074 3
189.5076 1990.7886 333.3634 11 91 94 993 3
17.4326 1973.4199 305.3652 42 192 544 2111 3
-122.1379 1929.9983 509.9837 18 34 165 323 3
-126.1052 2051.5788 219.3898 2 123 21 1348 3
104.9890 2051.0361 558.4117 11 321 124 3668 3
152.7539 2011.9566 318.2844 12 76 125 779 3
152.7837 2040.9785 530.4466 8 151 79 1866 4
-29.4020 2066.7510 188.2989 3 18 36 231 4
46.9158 2025.1635 214.0427 11 33 140 445 4
70.6641 2048.5931 221.8418 9 57 79 697 4
-96.7447 2060.3079 284.8447 2 20 23 259 4
87.8478 1972.4470 357.3398 23 355 242 5606 4
70.0797 2005.2484 462.9012 3 58 32 797 4
42.0306 1923.2450 575.2918 35 283 264 3859 4
-58.1398 2002.9054 413.7891 6 58 52 723 4
-115.1453 1958.0964 258.6178 10 150 77 2509 4
113.5854 2000.2696 273.1792 22 186 264 2604 4
-209.9283 1975.6686 404.7365 25 52 240 680 4
-62.3397 2060.0150 420.2824 1 91 14 1093 4
-79.9096 1942.2815 199.1578 9 154 72 2426 4
-116.6113 2058.2578 423.8163 1 82 3 1104 4
72.4875 1973.9114 510.0893 40 309 444 4677 4
186.4389 1950.4818 345.0265 14 166 115 2333 4
140.1630 1990.3487 474.0306 81 505 1046 8415 4
-39.0624 1976.2909 558.0560 16 151 151 2059 4
-152.2757 1938.8036 349.1729 13 201 94 3108 4
116.5051 1922.4030 433.8736 53 154 461 2196 4
-8.3198 1931.7748 370.8933 61 364 570 5635 4
131.7738 1945.8325 450.3713 67 996 789 17906 4
-86.7268 2014.9497 244.4099 4 35 24 463 4
48.9779 2024.9073 267.2228 3 97 32 1385 4
123.6742 2029.5932 296.2456 17 461 181 7529 4
-105.8192 1933.5320 480.5856 11 281 75 4036 4
31.1236 2031.9361 546.2331 6 182 57 2413 4
-103.3095 2058.5872 339.0862 5 82 50 1042 4
-46.8271 2053.9013 218.6022 3 46 25 584 4
122.3857 1985.9556 493.8313 36 135 399 1719 4
47.9023 1962.5261 397.6806 22 312 204 4483 4
-133.5772 2046.8725 465.0523 1 120 8 1528 4
-138.9981 2050.3869 596.1581 8 39 102 497 4
-44.6339 1970.7264 325.4617 11 234 104 3566 4
76.2879 2019.9285 524.2985 22 78 251 1010 4
39.5176 1963.6975 219.3749 14 173 139 2370 4
-69.7754 2062.1017 591.5878 1 96 10 1206 4
-69.4624 2009.9709 510.4411 4 80 30 1097 4
101.1447 2019.3427 444.1363 32 35 376 487 4
116.3598 2035.7434 398.1105 21 49 244 661 4
184.5297 2029.8860 432.2013 20 72 247 934 4
-135.1913 2043.9438 362.7873 9 40 77 518 4
-190.1171 2015.8283 321.0411 6 63 43 870 4
99.2632 1938.5108 199.3898 17 253 169 3735 4
84.9184 1975.9981 283.7716 38 95 381 1289 4
-101.6194 2036.9149 290.8909 0 92 0 1120 4
116.5915 1962.3796 316.2530 16 253 128 3616 4
-93.9592 2020.9535 375.4540 13 528 155 8696 4
117.1412 2058.4408 530.8187 3 85 36 1028 4
-115.2756 2045.5546 525.6086 5 118 37 1499 4
-99.4817 2008.0673 285.9749 4 121 28 1784 4
68.3535 2050.2405 427.8334 4 121 29 1603 4
-89.9201 2001.0384 410.9522 6 169 56 2382 4
-18.6699 1968.8228 577.4436 13 140 116 1852 4
-119.1483 1996.9382 578.4804 9 77 92 995 4
160.0554 2034.4255 578.7906 22 38 209 482 4
130.6898 1938.3643 439.9831 70 386 668 6106 4
115.4176 1960.6224 202.5195 13 342 124 5075 4
-82.3444 2011.8746 383.2878 4 127 22 1928 4
20.7826 2063.4196 256.9115 3 82 31 1068 4
107.1151 1986.1021 422.6958 12 99 147 1309 4
-93.7445 2056.3907 381.4560 6 17 67 220 4
98.2715 1984.9306 395.8920 38 142 370 1963 4
96.2294 1928.6996 301.3438 19 231 188 3256 4
44.5181 2027.1038 541.5386 6 149 52 1910 4
-10.4813 2038.8186 485.9274 11 145 101 1992 4
180.6615 1939.8287 490.5767 8 132 62 1792 4
-99.4682 1982.0019 203.5690 5 43 45 617 4
-232.4824 2000.7455 432.5724 13 19 173 272 4
-205.5872 1917.4456 361.0145 41 12 374 99 5
-145.3312 2043.7348 319.0847 6 8 70 70 5
-50.9095 1952.2396 496.9197 48 130 503 1495 5
-49.1790 1965.1262 239.2486 38 180 431 1957 5
-29.9659 2063.0648 522.1770 1 7 7 72 5
8.5233 2021.5053 313.9979 4 26 35 230 5
213.6863 1985.4227 377.3458 51 28 611 251 5
-178.4023 2034.3920 309.2418 1 11 8 130 5
-170.2757 2075.6293 421.8190 0 4 0 35 5
67.1430 1932.5874 404.5232 37 332 315 3984 5
-86.6289 2078.8509 393.5604 0 2 0 19 5
106.6008 2077.5623 477.2675 1 2 8 19 5
-176.0550 2002.8197 506.0635 18 98 155 1122 5
172.2426 1920.3854 442.5666 90 340 934 3813 5
78.8327 1943.5814 416.7315 21 421 165 5215 5
-122.9926 1964.2000 504.7742 17 63 161 693 5
-81.6620 2077.6025 195.5671 0 0 0 0 5
138.4242 2020.9013 417.3869 9 30 111 315 5
98.8520 1934.5607 320.8738 81 342 785 4026 5
-122.5455 2073.7366 302.0019 0 3 0 25 5
103.9463 1931.9834 556.8447 75 173 775 1916 5
-99.1521 1986.7516 430.0559 27 85 349 924 5
96.5597 1918.4524 425.4185 84 384 930 4242 5
12.4282 2010.9141 292.2059 4 22 31 227 5
125.8565 1979.9862 208.1400 8 42 75 442 5
47.9352 1938.7489 549.1775 12 429 68 5107 5
-129.4940 1931.0169 364.4233 50 32 352 297 5
54.2740 1951.6355 512.1085 36 146 362 1548 5
34.0130 2053.4401 266.4082 1 13 7 126 5
9.1685 2007.0481 366.4129 28 48 251 487 5
-135.5643 2024.4451 353.9448 3 9 44 72 5
-5.6228 2039.9091 364.9306 10 91 75 934 5
99.3715 2037.3318 287.8185 3 24 23 221 5
-231.3984 2006.4038 409.3570 8 28 75 264 5
138.2880 2061.8164 405.6587 9 77 115 753 5
200.7271 2033.4658 417.9672 18 128 199 1345 5
-110.9312 1956.6291 325.5740 44 26 403 243 5
-121.4956 1972.0931 192.0593 13 122 106 1300 5
171.8227 2010.7530 303.3612 9 100 68 1074 5
-195.7861 2037.8150 356.7146 3 59 25 669 5
69.0420 2030.0830 559.3921 5 15 30 155 5
-145.2959 1932.1445 372.7078 48 32 522 289 5
123.4594 1963.0724 503.8950 51 289 498 3270 5
-21.9654 2038.4593 426.2480 12 7 147 59 5
97.4984 1950.8301 404.4156 47 52 472 516 5
113.3422 1998.5107 522.4672 24 93 253 975 5
26.3865 2006.2427 401.2935 22 72 206 755 5
-98.7088 2021.7067 590.0655 7 21 67 228 5
-124.2314 2057.4672 514.7418 6 60 83 626 5
78.6152 2071.6425 377.6811 0 8 0 101 5
123.8910 2081.3075 303.9961 1 3 3 45 5
72.7701 1960.1729 483.6293 50 132 565 1400 5
-152.5209 2020.2641 320.0068 8 3 99 35 6
-21.0050 2033.1969 548.4094 0 32 0 278 6
109.9494 2033.7357 473.2393 11 323 113 3785 6
-140.2886 2031.5803 576.3895 13 247 133 2900 6
-173.8705 2005.7148 350.7730 9 14 66 124 6
16.9319 2028.3471 401.7891 12 311 144 3568 6
-45.8580 2030.5025 306.9302 1 18 7 165 6
-132.2316 1978.7716 412.7618 22 17 218 163 6
11.3012 2031.3108 473.2588 0 45 0 426 6
96.4836 1958.0253 443.9530 48 375 451 4299 6
-227.6063 2045.8602 438.5796 0 6 0 72 6
118.7926 2002.7511 223.4377 14 27 122 237 6
-114.3254 1975.8079 257.1497 17 40 160 357 6
-117.9072 2029.7279 370.7386 11 20 116 170 6
-108.5395 2002.7847 505.3523 14 316 134 3782 6
-128.1712 2020.0284 276.7791 6 198 53 2245 6
-49.0691 1963.9865 184.1697 21 145 170 1626 6
-121.5473 1996.8572 458.7410 19 31 189 300 6
-31.7088 1946.2040 248.7380 33 286 299 3433 6
106.5479 1948.3595 551.2803 7 162 64 1581 6
-54.5879 1991.4686 410.6722 22 29 202 239 6
22.4846 2004.4013 268.2757 24 12 241 114 6
-205.2662 1952.4010 307.6225 15 31 117 277 6
39.3085 2008.4428 598.0657 22 319 201 3568 6
56.6872 1982.5773 367.7794 24 29 211 286 6
107.9542 2053.7074 483.8809 1 6 8 54 6
-157.5434 2013.8314 456.3407 1 28 12 279 6
1.5256 2032.6917 564.2797 0 56 0 497 6
133.1507 1987.4271 254.3059 11 83 82 813 6
53.2635 2052.0908 364.3397 3 14 19 117 6
-68.4494 1999.2821 347.2523 10 25 90 241 6
-37.1899 1919.5303 395.8109 51 348 445 4168 6
-93.0242 2036.3290 547.5264 2 23 14 208 6
47.6603 1928.5562 198.5132 5 70 54 683 6
109.6645 1988.9090 534.6569 32 17 337 149 6
-76.0741 2008.3081 471.5863 7 44 61 428 6
-205.2942 1922.0899 429.7316 24 5 244 46 6
-109.1029 2002.9194 491.5493 7 60 67 588 6
-132.0878 1947.4165 330.8150 7 45 64 410 6
-142.5391 1981.9038 560.4770 28 27 247 248 6
56.4294 2040.9094 615.2550 2 12 10 105 6
-60.8144 2024.7434 537.0447 4 49 38 455 6
-38.7184 1918.5872 416.2868 8 143 55 1421 6
