-150.1839 1988.4479 549.4952 29 239 291 2804 3
-17.0278 1945.0263 304.9545 65 169 487 1721 3
164.3050 1968.9082 334.3344 12 17 109 156 3
-58.6032 2047.0671 394.7805 32 27 268 261 3
-125.5258 1990.6190 310.6638 8 71 70 760 3
165.2134 2025.8990 543.5267 27 546 258 6297 3
70.6171 2008.5304 513.3519 34 223 323 2528 3
-51.6186 1999.8461 593.0099 23 246 263 2789 3
-5.5471 1978.1353 219.9909 35 172 359 1834 3
-16.3942 2033.4978 231.1524 22 33 161 314 3
100.7550 1990.0762 479.6863 61 221 711 2457 3
178.8433 2000.6602 444.5467 20 562 227 6791 3
-79.3193 1983.2916 582.9341 44 207 447 2385 3
61.8992 1972.4362 457.8971 60 277 631 3163 3
-60.9086 1929.0146 524.9073 14 47 124 478 3
51.1072 2011.5156 219.0291 4 30 48 330 3
-47.9395 1949.6398 392.6157 27 25 245 250 3
67.0611 2053.8517 308.8074 7 260 94 2910 3
51.1957 1960.4952 578.6760 17 31 179 290 3
-7.8508 1947.4687 552.6946 73 431 812 4910 3
90.2597 2042.9963 355.0630 11 342 116 3979 3
-131.8530 1990.8903 340.0967 36 146 318 1600 3
204.6886 1970.8079 351.0644 20 18 194 182 3
88.9537 1987.0910 486.5301 34 642 315 7909 3
143.6989 2008.8018 432.0497 28 237 279 2656 3
-84.8115 2034.8547 556.7017 7 291 55 3222 3
-118.2018 1945.8404 556.7449 21 214 172 2253 3
-80.7696 2023.9993 389.2143 10 391 148 4522 3
68.0102 1958.8669 431.4783 25 28 242 260 3
-129.4217 2017.5200 544.3755 12 345 129 3749 3
43.0242 1975.1839 617.5175 31 747 270 9548 3
61.5096 2053.3428 542.0899 9 340 74 3919 3
-129.4423 1936.1045 338.2971 15 26 119 245 3
-96.1673 1953.4731 517.0410 15 26 106 273 3
86.4058 1942.6177 571.6203 31 43 317 425 3
6.7954 1964.8713 370.4615 14 16 126 151 3
-80.3571 2043.0302 378.0590 15 37 114 368 3
166.8401 1925.7919 374.9113 66 316 461 3343 3
22.9583 2053.8856 321.1025 3 278 16 3076 3
165.9710 2049.5434 424.5303 8 324 123 3682 3
-78.7386 2002.8652 333.8834 11 271 110 3214 3
97.4926 2041.9447 330.4552 6 397 42 4562 3
34.2460 2007.2074 236.0238 14 51 85 525 3
33.7068 2026.7471 370.1641 24 49 229 497 3
97.3150 1978.9833 284.9583 27 649 219 8087 3
-105.6101 1996.3520 574.6689 18 524 158 6369 3
-124.1220 2017.7914 333.3050 14 337 141 3897 3
180.1136 1989.5673 423.1798 32 226 380 2433 3
-152.0720 2006.9360 382.9667 21 192 237 2201 3
137.4415 2011.2782 273.6960 9 65 76 675 3
-57.7296 1990.6529 546.3712 34 172 403 1892 3
156.0602 2025.3902 353.3333 38 53 370 550 3
18.8366 1999.3372 527.2652 21 397 173 4490 3
-211.8704 2016.7059 470.9772 6 314 75 3713 3
-120.5931 2042.2161 501.5039 7 302 68 3582 3
-204.8182 2016.1631 374.5709 18 37 188 335 3
119.1937 2046.5582 302.4604 6 329 40 3830 3
-26.1643 2013.9920 418.8822 12 626 98 7372 3
-15.6900 1986.8535 508.2099 22 238 223 2648 3
-128.8809 1926.0632 590.0155 23 40 193 388 3
-196.5133 2049.8148 292.8748 5 8 58 76 3
-35.4332 2000.2871 441.3518 8 154 72 1749 3
-7.4706 2039.3665 382.6723 10 383 94 4291 3
-11.7697 1957.9510 468.5299 67 338 736 3822 3
-98.0138 1975.3196 382.9131 44 222 417 2435 3
-102.5919 1962.2931 596.0688 8 107 78 1111 3
40.0789 2038.2810 330.3197 10 417 108 4814 3
-114.8899 1973.1485 405.8143 6 10 85 112 3
38.8878 1934.6119 513.9872 31 268 226 2788 3
-109.3731 1925.9275 444.6025 24 36 224 365 3
-209.1463 1988.8889 330.4145 9 64 72 688 3
-65.6586 2023.6262 327.6144 12 393 104 4635 3
-171.7978 1924.8420 375.2629 11 32 125 343 3
-94.0760 1972.6058 618.1482 49 304 497 3247 3
-6.7919 1955.2371 242.3241 10 21 99 225 3
-136.6578 2000.8298 332.0056 8 46 58 503 3
148.3329 2048.5936 398.3779 10 339 92 3909 3
30.7264 1927.0131 565.0585 23 48 207 488 3
15.7620 1996.2163 538.8602 23 563 224 6766 3
29.3498 1922.3995 295.6102 41 254 327 2733 3
-57.6038 1920.2285 227.1564 18 33 145 320 3
126.5745 2020.0982 249.6990 17 391 204 4479 3
-19.7842 1967.9922 198.0176 31 147 299 1551 3
16.3912 1962.5645 571.3191 21 19 200 196 3
132.3905 2012.4994 490.9582 10 104 83 1074 3
189.5076 1990.7886 333.3634 11 91 94 993 3
17.4326 1973.4199 305.3652 42 192 544 2111 3
-122.1379 1929.9983 509.9837 18 34 165 323 3
-126.1052 2051.5788 219.3898 2 123 21 1348 3
104.9890 2051.0361 558.4117 11 321 124 3668 3
152.7539 2011.9566 318.2844 12 76 125 779 3
